// Reference=MNI
// Binder J R, 1996: Words > Tones - Passive
// Binder J R, 1996: Words > Tones - Active
// Binder J R, 1996: Tones > Words - Passive
// Binder J R, 1996: Tones > Words - Active
// Subjects=12
-58.73	-12.05	-4.61
-47.11	34.97	-3.11
-55.59	-12.72	-13.51
-47.89	19.3	28.32
-59.79	-36.09	-12.62
-46.48	-74.88	35.09
-46.96	-37.07	-12.69
-48.81	-35.14	26.2
-57.43	-30.51	18.11

// Buckner R L, 1998: Recognition - Fixation, Increases
// Buckner R L, 1998: Recognition - Fixation, Decreases
// Subjects=26
34.55	-90.63	3.14
20.66	-97.31	0.51
-11.46	-94.85	-6.02
34.48	-80.31	-1.07
-28.51	-94.43	0.83
-35.17	-55.32	-15.75
-34.91	-83.39	6.67
20.63	-83.31	2.68
-32.01	-42.61	-16.85
14.34	-96.32	13.88
17.3	-78.01	-11.11
-17.93	-87.74	-9.89
23.97	-99.44	14.03
40.8	-68.1	-8.86
41.16	-9.4	62.04
-31.99	-48.96	-16.32
-28.39	-99.75	14.66
-34.74	-.34	62.16
-28.29	-74.6	37.08
1.51	-85.57	16.47
37.87	-.42	54.64
50.55	14.66	42.08
37.93	3.52	64.34
11.08	-72.82	15.29
34.72	-71.31	32.74
-38.2	10.19	33.43
-4.96	14.93	50.5
1.58	3.05	61.46
11.1	15.28	53.63
44.04	13.6	28.86
34.18	28.57	3.18
14.22	22.1	45.21
-31.44	-64.08	49.62
38.05	-63.41	52.11
50.36	40.07	26.56
-25.06	-53.47	48.66
-28.87	21.59	1.14
28.37	-53.15	48.02
-25.15	-51.06	38.42
41.21	-52.81	51.19
10.85	-13.61	10.33
40.48	64.82	3.41
10.75	-14.64	-2.96
-52.16	27.02	32.18
-31.92	-75.65	-17.43
27.98	-74.78	-11.5
-11.56	-81.61	-13.82
-21.21	-81.93	-17.03
-5.22	-69.14	-18.28
7.54	-76.27	-28.98
7.65	-68.55	-11.79
1.23	-60.93	-9.01
1.12	-52.19	-19.78
7.38	58.28	4.34
7.92	-48.21	31.11
4.27	38.42	9.39
13.76	51.46	-1.85
-1.54	-49.9	51.43
1.55	-47.73	37.83
61.29	-55.09	19.92
4.75	-17.08	48.61
64.31	-6.43	15.81
1.58	-26.61	49.45
4.21	48.74	5.18
47.52	-71.49	29.26
-41.22	-75.79	22.84
61.41	-37.34	42.97
-5.47	51.34	-1.62
-58.53	-26.46	15.55
-5.47	51.34	-1.62
-21.02	25.41	49.8
43.91	-14.18	-0.04
-55.41	-10.83	10.86
-38.38	-14.67	0.95
-1.45	-45.61	65.57
-8.49	66.41	28.38
24.17	-73.26	49.75
-35.28	0.69	-7.07
-2.07	55.62	25.86
67.45	-20.3	1.32
-17.47	-39.1	68.55
-44.63	-22.94	18.44
-55.42	-1.06	13.39
64.47	-11.4	34.06

// Bush G, 1998: Interference - Neutral
// Subjects=9
47.2	32.91	30.55
-47.94	22.05	22.51
14.15	13.67	32.54
-58.6	-.82	16.75
-41.34	-2.26	37.86
47.17	-49.83	-7.12
-28.25	-65.37	46.35

// Owen A M, 1998: Spatial Working Memory vs. Control
// Owen A M, 1998: Nonspatial Working Memory vs. Control
// Subjects=6
50.73	-32.92	46.06
34.73	-39.36	46.79
24.03	-56.06	38.27
14.53	-61.43	52.22
23.89	1.81	43.46
44.14	14.62	42.15
7.62	36.64	27.34
-37.94	-39.8	47.66
-61.83	-43.88	-3.02
-38.18	10.45	36.76
-17.63	9.79	67.8
1.51	15.48	57.07
33.81	13.8	-50.22
61	-33.88	-8.62
50.54	-38.23	18.63
23.89	1.81	43.46
44.15	18.05	45.21
-32.45	16.58	-49.69
-35.24	-51.6	-22.75
-58.7	-51.23	-15.83
-41.38	10.43	36.8
-4.92	12.01	54.09

// Rao S M, 1997: Synchronization-300 vs. Rest
// Rao S M, 1997: Continuation-300 vs. Rest
// Rao S M, 1997: Listening-300 vs. Rest
// Rao S M, 1997: Discrimination-300 vs. Rest
// Rao S M, 1997: Synchronization-600 vs. Rest
// Rao S M, 1997: Continuation-600 vs. Rest
// Rao S M, 1997: Listening-600 vs. Rest
// Rao S M, 1997: Discrimination-600 vs. Rest
// Subjects=13
-36.85	-18.76	58.15
16.09	-55.35	-20.8
69.64	-13.17	10.73
-35.77	-19.72	59.33
17.16	-56.41	-20.72
0.47	1.56	56.02
-28.75	-10.13	3.8
-11.61	-19.46	5.5
65.42	-17	16.68
60.94	12.7	1.97
65.36	-14.34	9.77
-57.54	-20.62	8.36
63.27	-23.7	12.81
-59.67	-22.83	7.45
0.39	12.85	50.61
-34.69	-20.69	60.52
17.16	-54.21	-19.79
66.46	-16.19	13.25
-35.77	-19.64	60.44
17.18	-56.23	-18.51
-1.63	-3.57	58.7
-26.62	-6.86	4.62
-14.83	-20.79	2.31
66.47	-16.1	14.36
53.47	9.48	2.33
66.45	-17.42	11.13
66.46	-16.19	13.25
-60.72	-23.72	9.77
-1.74	12.83	50.64

// Rao S M, 1997: Conceptual Reasoning minus Control
// Subjects=11
-26.1	-59.73	50.31
33.76	-63.6	49.95
3.46	21.27	35.37
35.6	16.86	44.29
52.53	-55.08	-6.74
-42.39	11.11	45.67
41.67	48.51	12.57
41.63	21.76	-3.03
-44.62	-83.33	-5.49
19.68	-90.92	14.48
-25.68	-63.15	-35.28
19.28	-66.51	-27.71
-1.02	-59.94	-23.56
12.97	-5.05	10.7
15.08	7.91	12.94
16.07	-7.2	-3.65
-3.16	-21.58	-8.91
-1.2	-28.82	-33.98
3.32	-29.57	-2.74

// Rauch S L, 1997: Implicit Learning vs. Baseline
// Subjects=10
21.45	11.92	9.18
27.77	7.67	-5.03
4.25	40.37	7
-46.03	39.47	-.16
-39.36	19.18	26
-58.64	-1.25	11.21
-52.1	-22.9	19.64
-42.19	-49.51	46.29
-8.16	-70.74	16.46
-1.85	-58.61	7.56

// Rosen A C, 1999: Endogenous > Rest
// Rosen A C, 1999: Exogenous > Rest
// Rosen A C, 1999: Control > Rest
// Rosen A C, 1999: Rest > Endogenous
// Rosen A C, 1999: Rest > Exogenous
// Rosen A C, 1999: Rest > Control
// Subjects=13
-40.09	-15.78	55.71
48.45	5.13	42.9
-3.83	6.73	54.52
5.8	9.16	57.55
-49.9	-70.53	9.11
56.95	-52.46	13.06
34.76	-44.48	49.45
40.59	42.87	8.6
-36.31	-59.35	-26.55
27.8	-49.11	-23.69
-22.32	-5.52	7.8
24.65	0.85	3.38
-12.74	-73.93	-24.49
6.57	-71.99	-14.83
-39.01	-13.48	57.73
49.5	4.97	40.67
-3.84	5.51	52.39
5.79	9.08	56.44
-46.69	-71.57	9.16
52.69	-64.37	10.76
62.31	-35.79	21.64
-32.5	-51.94	55.31
-17.45	-63.05	61.64
28.35	-45.66	48.5
-34.19	-56.26	-27.95
24.6	-49.13	-23.65
-12.82	-18.72	-12.39
-35.78	-15.41	60.09
-3.83	3.48	53.68
4.73	6.96	56.63
-46.67	-68.14	12.22
52.7	-65.43	10.85
63.38	-35.79	21.62
-35.28	-55.29	-29.14
18.19	-46.88	-21.53
5.89	-70.17	36.32
10.34	-29.88	75.27
-.7	-90.67	5.77
4.67	-88.18	9.96
-4.95	-56.46	21.91
-57.57	-8.9	8.49
-.53	-74.69	33.43
5.86	-73.68	32.15
-.66	-88.04	12.24
6.01	-78.74	49.31
-1.54	-77.36	40.35
5.93	-77.4	39.16
11.43	-40.62	73.93
4.65	-88.35	7.75

// Haxby J V, 1999: Faces > Houses
// Haxby J V, 1999: Houses > Faces
// Subjects=6
-37	-81	-8
42	-79	-7
-39	-55	-23
39	-59	-16
-52	-61	4
43	-57	12
-21	-82	-14
24	-83	-11
-27	-52	-14
24	-55	-12
-23	-87	7
31	-86	14

// Ishai A, 1999: Houses > Faces and Chairs
// Ishai A, 1999: Chairs > Faces and Houses
// Ishai A, 1999: Faces > Houses and Chairs
// Subjects=12
-26.6	-60.47	-14.3
31.12	-60.04	-13.89
-25.54	-61.69	-16.44
31.1	-66.81	-18.9
-27.73	-54.56	-20.36
33.2	-51.82	-17.95
-42.58	-67.8	-11.28
52.53	-65.03	-11.48
-29.87	-60.12	-23.22
33.22	-64.77	-20.21
-43.65	-73.26	-13.04
52.59	-76.4	-7.19
-37.34	-58.93	-21
43.87	-55.19	-21.13
-40.58	-69.15	-29.03
44.96	-63.73	-21.54

// Kastner S, 1999: UNATT vs. Blank
// Kastner S, 1999: EXP vs. Blank
// Subjects=5
-6	-85	11
-13	-80	-12
-22	-79	-18
-30	-61	-11
-5	-86	8
-13	-82	-19
-29	-79	-25
-30	-65	-21
-27	-78	38
-18	-63	54
16	-61	57
-37	-32	59
38	-34	57
-41	1	49
35	-9	55
-1	-1	61
-30	33	30
32	32	39

// Petit L, 1998: Spatial Working Memory
// Petit L, 1998: Face Working Memory
// Subjects=12
0	-14	50
-1	9	50
0	-2	38
1	5	36
1	-14	50
0	8	50
1	-5	40
-1	16	33

// Gelnar P A, 1999: Motor vs. Rest
// Gelnar P A, 1999: Vibrotactile vs. Rest
// Gelnar P A, 1999: Thermal Painful vs. Rest
// Subjects=8
-2.77	-3.2	49.76
1.71	-3.24	76.48
-43.29	-9.11	59.64
-36.77	-23.36	67.46
-47.6	-24.96	47.64
-52.04	-17.9	29.26
-47.58	-31.31	48.17
-36.74	-29.7	67.99
14.38	-11.39	52.48
-56.31	-11.24	33.21
-54.02	-22.89	47.54
-47.79	-20.33	24.95
-54.01	-25	47.72
-40.97	-42.42	69.1
16.68	-5.26	76.48
-4.65	-15.97	77.62
-38.92	-19.14	67.13
-38.91	-23.37	67.48
-45.47	-22.84	47.44
-60.66	-7.72	24.04
-19.89	-25.48	38.45
-43.65	-8.48	12.76
-32.44	-33.74	70.51

// Canli T, 1998: Positive vs. Negative-Arousal Equal
// Canli T, 1998: Negative vs. Positive-Arousal Equal
// Canli T, 1998: Positive vs. Negative-Arousal Confounded
// Canli T, 1998: Negative vs. Positive-Arousal Confounded
// Subjects=14
-49.86	-5.31	40.44
-16.55	-1.03	65.35
-34.86	11.66	52.23
-62.1	0.56	-20.13
54.27	11.06	-32.38
38.49	22.43	5.88
-41.97	17.55	-36.28
-39.29	25.41	37.75
-21.15	39.44	38.59
12.88	37.93	16.02
61.03	13.64	14.16
8.38	21.33	-19.34
53.5	23.03	12.34
-12.9	34.29	-1.22
0.81	35.75	-24.92
51.02	-10.25	-46.17
18.72	-.82	64.93
-17.97	2.94	20.43
-56.63	-1.46	-5.52
36.41	8.67	7.05
65.19	-.65	-5.88
-7.52	8.26	-8.02
42.44	14.62	-40.35
32.96	2.82	-26.99
21.56	33.9	31.87
3.03	33.36	-14.71
-50.38	21.15	-16.41
-53.61	32.94	-15.14
18.16	31.91	6.43

// Kelley W M, 1998: Word Encoding vs. Fixation
// Kelley W M, 1998: Object Encoding vs. Fixation
// Kelley W M, 1998: Face Encoding vs. Fixation
// Subjects=5
-48.9	13.3	33.3
-16.97	-36.12	-3.07
-44.73	-64.64	-11.52
-36.25	-58.67	-17.69
38.53	-53.02	-20.14
-42.53	-80.49	-10.21
-33.99	-90.38	-15.06
-33.87	-89.09	1.56
26.02	-97.02	3.77
37.75	-88.49	2.92
-16.78	-97.88	-3.47
-51.35	32.03	0.53
-27.06	-65.23	61.93
-3.84	11.05	55.27
-48.88	11.35	35.69
40.82	6.8	23.89
-17.02	-36.64	-9.72
21.45	-34.2	-9.25
-42.65	-59.77	-17.52
44.96	-52.81	-18
-21.14	-92.25	-12.82
-41.46	-80.48	-10.22
46.14	-77.92	-12.56
-38.07	-84.03	12.34
-30.56	-90.25	13.89
28.22	-93.15	12.34
38.81	-86.37	2.73
30.41	-82.68	23.71
-.75	-80.26	2.67
-18.86	-97.29	4.31
18.58	-99.98	7.45
-50.27	28.87	0.78
-19.66	-63.75	52.8
30.57	-61.25	53.13
-2.8	8.51	49.9
-2.86	19.97	46.7
40.82	6.8	23.89
-16.97	-34.01	-3.25
21.52	-35.72	-1.32
-38.37	-65.11	-18.24
47.15	-68.66	-16.69
-27.58	-77.22	-10.66
-40.42	-81.79	-13.47
26.95	-86.41	-10.51
-23.08	-92.4	12.87
-37.03	-85.43	7.98
26.08	-94.22	12.46
38.82	-86.2	4.95
32.62	-81.9	33.65
-.79	-89.41	-5.48
4.53	-91.83	-9.8
-12.48	-96.54	-.29
13.17	-102.9	-2.28
-34.61	-48.35	60.61
32.75	-58.61	59.58

// Poldrack R A, 1999: Semantic > Case
// Poldrack R A, 1999: Case > Semantic
// Poldrack R A, 1999: Phonological > Case
// Poldrack R A, 1999: Case > Phonological
// Poldrack R A, 1999: Semantic > Phonological
// Poldrack R A, 1999: Phonological > Semantic
// Poldrack R A, 1999: Pseudoword Phonological > Case
// Poldrack R A, 1999: Case > Pseudoword Phonological
// Poldrack R A, 1999: Semantic > Phonological (Double Subtraction)
// Poldrack R A, 1999: Phonological > Semantic (Double Subtraction)
// Poldrack R A, 1999: Semantic > Pseudoword Phonological (Double Subtraction)
// Poldrack R A, 1999: Pseudoword Phonological > Semantic (Double Subtraction)
// Subjects=8
-48.18	21.76	-8.69
0.28	25.91	40.59
-51.1	11.54	24.55
41.61	55.57	7.52
0.26	42.2	44.8
-.72	13.47	44.99
37.33	22.53	-6.39
8.17	63.12	-29.53
56.83	12.19	23.25
-48.27	53.83	-6.91
-36.47	37.87	-7.94
47	39.57	6.57
13.97	10.73	8.25
-11.6	2.63	15.92
-23.8	63.87	-16.96
-25.97	52.51	-26.02
-4.19	56.83	28.02
-9.58	18.97	6.72
-40.21	4.94	48.39
-37.22	41.12	34.17
0.86	59.33	-9.05
-1.22	43.45	-7.7
35.32	40.27	16.68
-1.86	12.69	35.04
41.88	25.39	30.12
-49.12	31.85	11.67
6.59	24.92	27.22
65.39	12.32	24.26
-47.88	2.93	23
-23.38	46.23	30.24
0.02	45.17	14.45
-16.84	34.35	41.2
33.08	61.23	12.72
24.27	63.9	-20.86
-.17	59.75	-3.5
-6.34	56.65	25.83
-2.94	42.26	45.95
-55.41	19.89	22.78
5.74	27.14	56.04
-38.65	29.77	-16.16
-44.03	42.51	-16.05
-43.73	40.14	22.06
53.57	2.85	12.92
16.99	38.53	-4.15
36.6	26.04	39.05
-49.04	1.98	10.83
52.29	39.08	-.14
51.58	13.1	35.5
0.67	51.81	-37.42
11.6	54.45	-4.31
44.71	54.47	-6.92
29.73	65.21	-4.3
0.4	5.19	47.91
-58.61	11.24	21.31
42.77	32.4	10.57
1.4	13.31	42.75
1.35	25.91	40.58
46.17	3.58	22.98
-50.08	24.24	23.47
46.97	44.77	5.02
52.51	20.45	20.38
-52.39	38.89	6.66
14.02	2.44	11.18
-17.06	10.12	3.09
1.32	42.12	43.68
44.71	60.02	-4.04
-17.18	30.84	-4.23
-1.36	58.46	-20.11
20.51	47.26	39.69
-27.5	25.83	42.04
-2.31	43.19	-11.01
2.12	55.84	14.64
-6.56	30.22	-13.22
36.24	9.15	-14.17
-22.16	42.23	47.29
-46.03	21.95	-6.49
53.62	20.97	27.01
51.12	30.31	-17.23
42.51	42.86	-19.3
16.77	58.22	-24.76
-49	11.13	18.98
11.82	10.63	7.17
-24.9	52.51	-26.03
37.25	60.14	-1.73
-4.32	61.01	13.17
-36.48	37.78	-9.05
-22.73	63.79	-18.08
-11.56	3.06	21.46
-11.71	19.04	7.85
-8.62	44.26	3.47
-7.48	31.75	6.74
-37.22	41.2	35.28
35.43	33.72	28.38
59.94	2.46	7.3
-9.27	35.34	53.3
-6.26	41.05	30.48
-57.63	23.42	13.59
-4.95	22.67	54.31
-12.83	61.3	17.7
19.43	47.17	38.59
-45.07	53.76	-8.06
-34.4	37.2	-16.83
-40.14	5.63	57.26
53.3	22.03	-14.33
-45.76	11.57	24.48
44.69	37.75	-16.67
-11.7	19.12	8.96
56.94	13.3	37.66
4.25	18.45	-1.2
17.07	66.76	16.9
35.1	59.96	-3.92
-35.34	8.9	-11.1
44.03	3.57	23.01
36.54	34.24	35.02
-38.3	41.02	33.08
42.78	45.6	16.15
32.57	6.58	63.03
9.85	12.33	29.36
40.63	19.09	3.9
4.86	7.18	73.34
-33.1	18.74	5.89
33.18	1.79	0.98

// Rypma B, 1999: 3-1 Contrast
// Rypma B, 1999: 6-1 Contrast
// Subjects=6
-46.81	1.88	23.08
-54.23	4.63	31.85
-56.22	-4.84	47.17
-15.57	-15.17	47.57
20.73	-37.21	34.5
-12.43	-46.56	26.74
-67.11	-35.57	8.61
34.59	-56.13	22.55
56.76	-39.02	-5.91
-50.05	-40.29	1
3.74	-93.33	26.02
0.41	-3.44	46.4
21.88	-29.75	48.36
-27.74	-16.27	-6.85
24.85	-23.41	19.91
25.62	28.44	2.17
-27.98	57.12	-7.42
-38.41	33.31	15.88
30.96	39.38	5.66
32.21	36.87	28.16
45.26	6.34	45.06
-50.32	47.01	1.49
27.59	57.46	-8.09
36.36	14.75	3.2
35.35	27.41	15.53
38.57	33.06	19.48
-51.38	28.43	-4.75
-40.64	38.96	6.51
-54.34	7.84	18.2
45.14	9.46	30.31
-54.23	5.69	31.76
-39.52	25.22	7.65
-61.89	6.05	9.52
-53.03	-.59	46.77
1.35	30.4	43.55
2.33	25.06	29.49
-50.78	-31.24	49.32
-30.51	-52.33	36.36
-25.02	-61.75	51.58
-69.25	-34.52	8.54
-55.43	-30.81	0.27
-59.56	-54.55	10.11
47.23	-51.34	0.81
-51.09	-58.7	-3.02
61.06	-46.4	-5.34
-17.86	-76.05	3.63
14.14	-61.06	2.01
6.66	-6.26	23.15
22.89	-69.95	23.84
1.74	-72.17	52.15
18.2	12.53	3.59
16.22	-2.32	18.24
-18.02	9.11	17.68
-12.85	2.86	-8.62
-20.24	13.7	8.4
26.65	24.67	-5.33
-5.15	-21.11	11.14

// Shaywitz B A, 1995: Semantic - Phonological
// Shaywitz B A, 1995: Phonological - Semantic
// Subjects=9
-20.49	70.46	-.82
-22.52	44.01	1.42
-36.32	17.49	3.8
-7.36	-8.77	5.67
-4.09	-26.73	7.14
-6.17	-41.54	8.41
-22.17	-51.16	9.4
-57.56	-36.19	-.37
-3.94	-85.57	3.15
13.69	57.29	-9.03
50.11	35.3	-7.6
38.24	64.84	-9.94
9.98	-91.83	3.52
17	49.53	0.5
50.19	30.7	1.7
-62.98	3.58	5.28
34.06	58.09	-.41
-32.09	11.54	-4.67
-41.63	-7.55	-2.96
-39.74	58.02	-8.48
-25.34	-77.24	2.7
33.96	65.87	-9.98
7.37	33.99	-7
30.96	11.92	-5.42
51.48	-47.17	-.7
10.7	1.23	-4.29

// Shulman G L, 1999: Directional Cue vs. Passive Cue
// Shulman G L, 1999: Neutral Cue vs. Passive Cue
// Shulman G L, 1999: Directional Cue vs. Neutral Cue
// Shulman G L, 1999: Radial Motion
// Subjects=7
-10.36	-102.16	-4.3
21.71	-95.28	-.79
23.65	-66.51	-14.37
-16.88	-90.19	-14.15
25.84	-83.59	-15.2
40.8	-79.1	-13.52
-51	-65.42	6.47
-44.65	-72.58	-4.16
45.17	-64.84	5.31
-29.54	-92.96	6.3
34.57	-90.46	5.35
64.49	-41.87	25.47
-27.25	-78.2	31.8
-29.44	-83.13	23.32
-39.95	-48.38	60.67
-35.74	-44.64	53.62
-31.56	-41.24	42.13
30.57	-54.65	55.92
32.6	-44.75	46.15
-12.09	-67.25	61.93
-22.84	-70.11	53.37
26.38	-67.02	61.47
17.78	-71.99	53.06
-27.27	-10.24	57.33
-35.8	-5.72	61.5
-53.06	1.27	43.27
-53.2	6.41	27.23
-55.41	3.43	16.35
28.25	-6.02	51.87
45.37	-3.46	55.92
55.96	4.38	46.22
58	12.16	36.62
-1.69	4.55	53.56
-1.61	-5.51	61.09
-8.17	8.22	46.64
8.87	14.33	41.47
-8.29	15.83	34.85
8.72	25.99	27.11
38.5	51.03	17.98
-32.11	25.63	-1.39
-32.03	17.69	5.97
34.22	24.6	6.86
-10.53	-20.42	6.69
-10.57	-3.33	7.49
8.71	-20.31	6.46
10.81	-5.32	7.41
25.75	-1	6.87
-23.43	0.65	5.07
-16.75	-104.14	-1.83
0.33	-97.69	-2.57
21.69	-95.45	-3
-16.88	-90.19	-14.15
25.84	-83.59	-15.2
36.47	-79.64	-20.11
-51	-65.42	6.47
-44.65	-72.58	-4.16
45.19	-69.07	5.67
-27.42	-93.11	4.06
34.57	-90.46	5.35
32.47	-83.44	13.71
64.49	-39.75	25.29
-31.59	-78.91	22.99
43.45	-51.77	64.46
-31.52	-49.53	45.06
-35.76	-42.7	51.22
34.83	-43.79	58.31
-14.27	-69.89	55.49
-22.84	-70.11	53.37
26.34	-67.36	57.04
-31.58	-6.21	54.81
-46.58	-2.41	50.2
-48.84	0.78	36.58
-53.22	6.24	25.02
26.15	-1.29	58.19
34.71	-5.47	58.44
47.5	-1.33	55.72
55.97	2.26	46.4
57.98	14.11	34.23
-1.69	4.55	53.56
-1.61	-3.4	60.92
-8.19	8.05	44.42
6.77	12.54	46.1
-1.82	16.38	41.42
-8.29	17.94	34.67
8.72	25.99	27.11
-29.89	46.22	16.93
34.22	48.72	15.99
-32.14	35.15	-2.19
-32.03	19.8	5.79
34.22	24.6	6.86
38.44	21.83	-1.88
-8.38	-22.52	6.84
-10.57	-3.33	7.49
8.7	-18.19	6.28
10.81	-5.32	7.41
25.75	-1	6.87
-23.41	-1.29	7.46
-44.71	-79.78	-14.71
-51.01	-63.3	6.29
-44.65	-72.58	-4.16
45.23	-62.04	14
-35.98	-86.65	5.84
32.48	-85.55	13.89
-22.96	-73.6	35.82
-31.36	-54.51	63.31
-35.74	-44.64	53.62
-33.7	-41.26	42.16
-27.16	-53.05	54.22
34.8	-48.45	53.13
34.71	-42.79	43.73
-14.26	-65.32	59.56
-22.84	-70.11	53.37
-12.14	-74.28	53.6
17.72	-65.98	48.1
24.18	-69.83	52.81
-25.12	-7.94	59.34
-31.46	-9.41	68.46
-59.51	-1.4	36.88
-61.85	9.73	15.9
-6.08	-102.13	-4.35
-25.47	-70.87	-11.21
32.22	-66.29	-12.26
27.99	-83.41	-13.01
-38.3	-77.63	-14.96
40.78	-79.27	-15.73
-40.29	-76.1	5.01
45.18	-66.96	5.49
-27.42	-93.11	4.06
30.3	-88.2	7.44
40.95	-84.07	4.74
-50.93	-38.33	26.5
64.41	-33.92	18.11
-25.18	-74.47	24.77
28.32	-71.18	35.03
-31.43	-50.79	56.31
-25.09	-49.32	47.2
26.19	-60.1	40.82
26.28	-54.84	53.76
-46.54	-4.18	54.81
53.82	6.48	46.07
43.25	-3.3	58.16
47.31	7.7	34.89

// Wagner A D, 1998: Encoding Words > Textures
// Wagner A D, 1998: Encoding Textures > Words
// Wagner A D, 1998: Retrieval Words > Textures
// Wagner A D, 1998: Retrieval Textures > Words
// Subjects=9
-55.57	23.72	3.5
-38.56	30.62	-5.08
-44.47	5.09	50.66
-49.2	15.67	-4.82
-54.37	9.78	15.81
-1.71	20.84	57.77
-54.46	8.84	3.62
-28.44	20.5	55.88
-5.38	62.14	14.2
-35.24	47.25	16.91
14.62	59.18	-25.93
52.39	32.45	10.45
0.99	46.44	3.18
-7.65	45.36	-10.01
43.03	4.33	32.99
-48.03	16.79	9.57
-50.35	30.21	-9.37
-41.34	4.25	39.54
-2.81	20.49	53.35
-12.82	62.53	19.83
-50.1	9.72	14.65
-4.56	59.58	-19.05
13.66	60.29	-11.51
-17	48.13	26.66
11.68	69.56	12.27
26.58	53.65	-2.18
-25.81	52.99	-5.98
-6.46	54.39	10.4
48.26	10.82	20.12
52.38	32.28	8.24
-41.73	38.69	3.2
20.09	29.69	-22.4

// Ellermann J M, 1998: Composite Functional Maps
// Subjects=9
39.67	-62.1	-13.81
-42.61	-62.59	-12.83
20.53	-90.94	-13.41
37.64	-84.15	-9.71
36.65	-82.16	2.4
-38.16	-79.43	3.03
28.3	-78.04	28.92
5.98	-72.48	47.67
1.05	-79.36	-40.92
14.48	-49.89	50.13
27.28	-58.78	44.04
-28.27	-52.43	48.61
55.97	-35.06	31.69
-42.28	-42.71	37.92
44.32	-18.7	51.64
-37.99	-22.79	47.35
-32.52	-33.53	59.34
25.08	-18.81	51.87
-27.24	-17.64	57.95
24.01	-14.5	52.63
-17.67	-11.5	53.97
29.06	16.59	27.66
-29.74	20.39	26.91
34.17	14.14	-4.53
-40.62	8.41	-3.19
-4.82	-15.48	56.39
6.91	-11.26	54.79
6.8	-9.12	41.23
-8.12	-16.53	43.13
44.06	-65.28	-.21
-42.49	-65.8	0.82
48.29	-51.51	-1.42
-45.69	-66.79	2.06
55.88	-41.46	17.73
-46.73	-38.02	16.39
39.61	-.2	2.19
-42.68	-11.7	-1.48
14.07	-28.82	5.99
-15.86	-29.17	4.14
-12.69	-22.89	2.46
14.08	-22.22	8.79
-17.96	-22.15	12.49
-9.45	-15.93	9.64
-20.17	-13.08	6.18
18.09	-63.31	-41.34
22.44	-53.72	-27.7
-32.06	-59.59	-29.93
9.67	-61.99	-23.51
-4.19	-68.42	-22.82
1.15	-65.13	-22.04

// Shen L, 1999: Common Activation
// Shen L, 1999: Visual Recognition > Spatial Recognition
// Shen L, 1999: Spatial Recognition > Visual Recognition
// Shen L, 1999: Common Deactivation
// Subjects=9
0.36	-85.29	6.43
2.5	-85.28	6.4
28.27	-83.84	22.71
-25.16	-84.16	23.35
-28.55	-89.32	-1.83
31.29	-88.96	-2.54
-37.22	-64.34	-8.28
39.71	-63.87	-9.2
-40.39	-57.32	0.09
42.96	-56.83	-.91
52.67	-38.22	18.61
28.36	-48.83	48.77
-25.07	-49.15	49.41
1.77	-58.62	62.16
0.42	10.9	53
0.37	14.79	48.22
10.83	23.46	21.72
22.88	12.35	55.97
-19.86	12.1	56.48
45.17	12	35.67
-42.46	11.48	36.72
-47.96	26.28	22.16
50.35	26.87	20.98
39.46	21.4	-7.43
-37.47	20.94	-6.51
32.15	-65.92	-21.21
-29.83	-66.29	-20.47
-11.65	-78.16	-24.14
-31.69	-88.65	7.08
-51.11	-55.62	-4.39
-39.45	-46.63	-13.09
25.64	-30.72	-19.63
-23.52	-31.01	-19.04
-.71	-94.1	2.72
-61.78	-33.5	7.26
-32.64	-34.73	43.83
-.73	14.44	43.8
-11.28	12.49	60.81
-33.15	8.28	-5.5
-52.29	26.71	14.37
-30.04	58.94	2.49
-15.9	-76.78	-19.75
50.34	-53.49	-13.54
32.59	-81.1	30.24
61.27	-24.54	29.63
-15.33	-64.27	59.49
18.87	-64.06	59.08
-11.1	-70.22	51.02
-1.7	-38.32	35.97
28.14	18.13	47.62
58.11	-11.98	40.88
-9.85	28.28	-24.17
-0.08	40.89	0.31
-15	12.62	-6.07
-22.27	-54.39	-4.83
-50.16	-7.34	0.47
-9.17	-43.74	35.39
0.44	-11.99	46
-8.79	47.92	-18.02
52.43	-6.73	-.76
2.57	-11.97	45.98
10.44	48.04	-18.25

// Lumer E D, 1998: Rivalry > Rest
// Lumer E D, 1998: Replay > Rest
// Lumer E D, 1998: Rivalry > Replay
// Lumer E D, 1998: Replay > Rivalry
// Subjects=6
33	-45	-21
-30	-69	-18
0	0	48
9	21	36
60	15	-3
54	15	27
-57	9	3
30	-54	54
60	-27	30
-36	-12	57
39	42	18
-36	39	21
33	-45	-21
-27	-69	-18
57	21	-9
54	15	24
-60	12	3
69	-36	9
-39	-15	51
66	-30	36
36	-45	51
42	-87	9
51	15	-6
9	-75	-3
-15	-78	-12

// Chawla D, 1999: Subject 1
// Subjects=1
-50	-74	6
52	-66	6
-22	-82	28
24	-88	26
-8	-90	0
16	-88	6
-30	-72	-16
30	-64	-14

// Chawla D, 1999: Subject 2
// Subjects=1
-54	-64	0
56	-66	0
-22	-86	26
22	-90	22
-2	-96	-2
10	-94	-2
-30	-78	-16
18	-74	-6

// Chawla D, 1999: Subject 3
// Subjects=1
-50	-76	6
44	-58	12
-20	-88	30
20	-88	34
14	-98	6
-8	-98	2
-36	-78	-18
38	-62	-18

// Corfield D R, 1999: Tongue Contraction - Rest
// Subjects=8
-62	-6	22
64	-4	18
-2	14	54
2	6	52
-8	16	34
10	10	32
-62	6	4
64	12	0
-46	6	0
44	6	2
22	2	0
-14	-14	2
16	-14	4
-14	-56	-18
24	-60	-20
-14	-64	-48
14	-66	-48

// Whalen P J, 1998: Negative vs. Neutral Words
// Whalen P J, 1998: Neutral Words vs Fixation
// Subjects=9
-2.16	43.67	9.02
-25.11	-69.3	36.6
57.86	26.11	24.3
-52.13	13.02	30.01
11.1	-1.18	47.2
-1.69	-.91	51.79
-31.47	-55.62	48.91
43.97	-59.62	-9.61
-41.51	-60.13	-8.58
28.21	-89.9	13.18
-20.97	-90.45	10.45
-5	-94.29	0.55

// Dapretto M, 1999: Syntactic vs. Rest
// Dapretto M, 1999: Semantic vs. Rest
// Dapretto M, 1999: Syntactic vs. Semantic
// Dapretto M, 1999: Semantic vs. Syntactic
// Subjects=8
-52	10	28
-40	30	14
-58	-58	14
-60	-36	16
-48	20	-16
56	10	-10
-42	-56	38
40	-50	42
-56	22	2
54	24	18
-46	30	-6
50	24	-6
-42	-18	-12
-52	-44	22
-36	-28	8
-54	-54	32
-44	22	10
-48	20	-4

// Binkofski F, 1999: Complex Objects vs. Spheres
// Subjects=5
-52	8	22
56	8	20
-60	-24	20
60	-22	20
-48	-34	40
48	-34	40
-32	-56	60
32	-52	64

// Binkofski F, 1999: Complex Objects, Right Hand vs. Rest
// Binkofski F, 1999: Complex Objects, Left Hand vs. Rest
// Binkofski F, 1999: Complex Objects vs. Spheres, Right Hand
// Binkofski F, 1999: Complex Objects vs. Spheres, Left Hand
// Subjects=6
32	-10	52
44	-16	52
52	8	20
12	-16	4
60	-20	16
40	-40	44
56	-32	36
36	-52	60
0	12	28
4	-12	64
4	0	44
-46	-32	50
-28	-16	20
-52	8	28
-32	-56	56
-64	-20	24
-40	-40	40
-40	-52	44
-52	-32	36
40	-32	52
32	-10	52
52	8	20
60	-20	16
40	-40	44
56	-32	36
36	-52	60
0	12	28
4	-12	64
4	0	44
-40	-16	52
-52	8	28
-16	-16	8
-16	-76	52
-64	-20	24
-40	-40	40
-40	-52	44
-52	-32	36
-32	-56	56
52	8	20
60	-20	16
40	-48	50
56	-32	36
4	0	44
-52	8	28
-32	-56	56
-64	-20	24
-40	-40	40
-40	-52	44
52	8	20
60	-20	16
40	-40	44
40	-48	50
56	-32	36
36	-52	60
4	0	44
-52	8	28
-32	-56	56
-64	-20	24
-40	-40	40

// Brown G G, 1999: Incongruent - Non-lexical
// Brown G G, 1999: Incongruent - Neutral
// Subjects=8
8.76	28.53	32.47
-1.89	17.89	33.49
-42.7	17.71	7.2
24.05	-62.4	38.81
8.76	28.53	32.47
-1.89	17.89	33.49
-42.7	17.71	7.2
24.05	-62.4	38.81

// Chee M W L, 1999: Normal Male Early Bilinguals
// Subjects=7
-37.2	13.91	26.42
-43.63	9.3	22.42
-43.6	7.36	24.81
-43.71	26.05	18.78
-39.4	17.61	19.44
-39.33	20.58	30.34
-35.1	13.58	21.96
-37.2	13.91	26.42
-43.63	9.3	22.42
-45.74	7.34	24.84
-43.71	26.05	18.78
-39.39	15.5	19.62
-39.33	20.58	30.34
-35.1	13.58	21.96

// Chee M W L, 1999: Normal Female Early Bilinguals
// Subjects=8
-33.11	27.37	7.4
-32.89	7.76	29.12
-35.14	10.95	15.49
-35.23	25.41	9.82
-41.45	20.74	32.59
-39.29	14.41	33.09
-41.65	27.49	9.72
-45.81	19.86	21.56
-33.11	27.37	7.4
-32.89	7.76	29.12
-35.14	10.95	15.49
-35.23	25.41	9.82
-39.31	20.76	32.56
-39.29	14.41	33.09
-41.65	27.49	9.72
-45.81	21.98	21.38

// Chee M W L, 1999: Normal Male Late Bilingual
// Subjects=1
-28.63	20.82	32.43
-28.63	20.82	32.43

// Chee M W L, 1999: Normal Female Late Bilinguals
// Subjects=8
-30.84	22.24	23.42
-39.46	28.02	16.34
-26.52	16.09	26.11
-34.96	14.95	39.69
-41.53	11.08	17.78
-35.01	7.92	31.36
-30.89	21.72	16.77
-39.34	16.01	26.27
-30.84	22.24	23.42
-39.49	32.07	13.77
-26.52	16.09	26.11
-34.96	14.95	39.69
-41.53	11.08	17.78
-35.01	7.92	31.36
-28.75	21.74	16.74
-39.34	16.01	26.27

// Crosson B, 1999: Emotionally Evocative Words - Repetition
// Crosson B, 1999: Repetition - Emotionally Evocative Words
// Crosson B, 1999: Emotionally Neutral words - Repetition
// Crosson B, 1999: Repetition - Emotionally Neutral Words
// Subjects=17
-2.88	23.14	46.44
-.59	13.7	61.7
-6.41	66.97	21.62
-49.07	34.65	20.36
-42.91	49.63	-6.62
-53.48	24.36	-2.15
-14.81	-51.34	-7.4
-13.5	-90.49	9.25
-14.97	-10.1	-10.86
-21.52	-8.25	-27.66
-16	14.44	3.83
-50.18	-62.52	-25.01
-55.49	-8.35	1.73
-6.13	28.07	41.6
-20.99	16.95	50.51
-45.97	41.21	8.62
-53.47	22.25	-1.97
-57.53	-53.54	-4.49
-6.08	-74.58	7.83
-20.3	14.16	0.55
-58.6	-11.82	12.09

// Kang A M, 1999: Syntactic VPs - Fixation
// Kang A M, 1999: Semantic VPs - Fixation
// Subjects=14
-52.31	17.74	8.43
-57.54	13.45	22.23
-47.07	27.66	-1.39
-41.71	38.95	6.53
31.57	-58.67	45.1
35.66	-11.06	41.06
1.4	6.71	39.96
-57.54	13.45	22.23
43.76	26.09	-2.3
43.68	65.9	3.29
59.93	35.3	19.05
-24.07	-41.03	44.26
27.21	-37.55	43.38
29.44	-39.85	54.7

// Peterson B S, 1999: Incongruent vs. Congruent (Increases)
// Peterson B S, 1999: Incongruent vs. Congruent (Decreases)
// Subjects=34
-14.76	-7.96	16.84
16.09	8.37	5.08
17.3	-7.77	16.46
-6.16	-21.66	17.89
9.87	-21.56	17.7
-23.67	46.49	-7.69
22.33	53.88	1.19
20.36	51.18	21.52
-45.85	39.15	23.29
-44.69	35.7	33.6
48.03	40.29	2.04
47.11	40.77	22.08
-53.31	11.9	15.62
-48.88	12.41	35.6
53.63	12.25	24.4
-6.28	30.93	23.52
-6.18	23.24	34.2
8.68	31.02	23.34
-51.08	-54.13	1.06
-52.34	-1.27	-3.36
-27.37	-86	13.5
-19.78	-93.64	24.09
31.41	-86.7	12.88
21.89	-93.39	23.59
20.83	-74.65	32.06
22	-80.22	42.55
-13.68	-53.91	0.61
-14.29	-72.26	52.34
16.7	-72.08	51.97
-52.31	11.14	5.64
-50.94	-8.75	37.4
54.55	11.78	4.35
53.79	-9.18	36.23
-53.02	-45.49	30.47
-42.16	-49.17	50.72
55.98	-44.83	29.16
46.53	-48.64	49.66
-17.64	-74.88	32.53
-19.68	-79.41	42.97
25.61	54.67	11.13
-23.3	-11.18	17.21
27.89	-3.19	5.92
26.94	-14.05	16.88
-12.64	-25.64	8.26
15.16	-27.58	8.11
-24.68	52.54	1.85
-23.54	54.38	11.72
-19.2	56.23	21.55
-19.02	49.31	42.2
23.47	54.66	11.15
25.87	48.52	41.75
-47.15	38.95	-6.79
-47.1	46.06	2.65
-46.7	22.71	44.75
50.1	38.47	-7.87
51.61	23.3	43.57
-7.61	37.07	-7.09
-7.54	39.95	2.7
-8.53	39.66	12.78
9.48	39.29	-7.47
9.56	40.06	2.5
10.71	38.72	12.64
-8.15	-21.18	37.95
-8.07	-21.47	48.01
11.07	-56.45	20.61
11.07	-35.59	28.9
10.09	-20.3	47.7
-51.08	-54.13	1.06
-50.99	-57.59	11.38
-47.57	-74	32.8
53.64	-52.45	-.29
53.74	-56.96	10.13
50.75	-73.42	31.62
-52.19	-21.64	8.38
-45.56	-58.9	21.47
54.67	-21	7.1
48.47	-56.22	20.16
18.68	-71.49	31.82
-15.82	-52.86	0.55
-14.64	-61.6	11.3
16.35	-62.47	11.02
10.14	-53.85	40.48
-53.22	-12.42	17.66
-53.14	-11.65	27.63
54.71	-11.77	16.36
55.86	-12.05	26.41
57	-11.28	36.37
52.8	-9.47	46.3
56.06	-44.06	39.13
-8.17	-56.56	20.84

// Beauregard M, 1998: Depression Patients
// Subjects=7
-4	64	32
-32	60	4
0	-12	72
4	50	26
2	16	40
-50	-74	20
42	-56	18
18	58	32
42	-48	-22
-60	-38	24
-2	-22	36
-34	-86	-38
-4	6	-2
6	6	-2
52	28	-12
2	-2	-2

// Beauregard M, 1998: Normals
// Subjects=7
0	44	32
4	62	30
-40	-66	-22
56	-74	4
18	42	48
-2	45	20
-42	-48	-14
2	12	8
-4	-86	38
-12	-84	44
-2	-80	48
52	40	-10
46	-72	2

// Braver T S, 1997: Brain Areas Showing Monotonic Increases in Activity as a 
// Function of Memory Load
// Subjects=8
15.38	14.34	54.77
-43.57	28.56	37.53
40.74	43.36	28.63
-49.05	8.5	12.51
47.26	10.44	29.08
-33.13	22.8	3.32
-40.35	2.35	28.54
-48.78	2.44	44.24
-30.49	-.49	59.89
-26.1	-58.59	51.33
35.85	-54.16	48.02
20.5	4.31	20.98

// Breiter H C, 1996: Fearful - Neutral Faces
// Breiter H C, 1996: Happy - Neutral Faces
// Subjects=10
-19.29	-2.9	-13.64
27.73	-2.61	-14.2
-28.91	-9.64	-17.42
44.92	-42.24	-18.88
-45.9	-45.95	-17.53
27.95	-55.23	-6.45
-25.5	-65.66	-12.77
-35.07	-68.55	-7.95
-49.04	-56.29	-13.28
51.44	-55.34	-10.05

// Callicott J H, 1999: Significant Increases in Activation as a Function of 
// Working Memory Load
// Subjects=9
46.02	30.64	15.14
39.56	34.49	10.43
33.01	35.2	-7.4
31.34	20.26	47.4
22.88	14.55	56.9
35.69	10.06	52.67
-52.09	14.51	35.46
-50.14	27.95	16.47
-32.65	5.76	58.28
-6.93	4.48	67.01
-2.6	-1.49	71.92
1.61	6.65	66.73
18.29	-1.93	9.27
3.39	-16.82	10.69
9.69	4.02	4.41
48.47	-25.42	33.19
6.09	-57.11	67.56
-36.73	-55.94	59.04

// Carlson S, 1998: Two-Back vs. Zero-Back
// Carlson S, 1998: One-Back vs. Zero-Back
// Carlson S, 1998: Two-Back vs. One-Back
// Subjects=7
41.85	28.39	27.64
-38.32	37.51	28.91
20.78	9.42	59.58
-23.13	20.19	51.38
3.62	16.38	54.74
-8.12	16.4	55.99
40.8	18.69	26.24
-44.72	21.18	24.78
37.28	58.29	1.77
-26.81	53.76	4
41.04	-.74	50.17
-45.59	0.08	41.06
4.93	-66.78	52.77
-2.57	-62.68	51.4
10.39	-54.54	72.88
-12.09	-60.65	64.72
32.67	-57.18	50.54
-35.72	-56.53	51.27
45.37	-49.67	36.38
-46.46	-52.79	45.5
28.31	-74.61	31.97
-21.95	-76.39	27.13
3.49	19.41	38.87
-1.81	16.55	43.63
7.93	-50.24	32.4
-3.88	-49.76	25.8
37.37	19.62	-2.8
-37.39	13.08	1.96
16.49	10.28	57.33
-32.59	2.04	65.28
-7	0.54	57.3
-39.72	36.28	-14.46
13.64	53.43	-17.63
-26.89	58.36	-5.31
3.87	-49.18	60.23
-5.73	-54.52	60.79
21.04	-63.71	63.48
-14.35	-61.95	48.13
-31.46	-57.73	49.09
-57.1	-41.34	56.93
30.24	-85.54	0.53
-13.48	-81.51	15.19
9.47	34.71	-11.55
-7.69	55.93	-10.9
-6.99	-62.04	32.44
43.86	39.18	15.56
-35.15	45.99	28.17
27.09	18.29	49.85
-26.31	12.77	52.04
13.26	16.61	56.84
-10.33	29.96	52.64
57.66	27.31	-1.44
-52.22	21.94	21.46
13.7	58.43	-8.01
-12.89	61.76	9.86
54.89	5.43	46.15
-36.95	-3.24	52.39
10.24	-59.43	50.98
-6.8	-56.73	59.87
27.38	-56.7	57.25
-18.53	-58.74	62.41
32.59	-55.83	40.39
-37.91	-59.26	43.71
46.46	-46.15	40.53
-44.37	-54.35	38.92
37.81	-79.01	15.51
-27.27	-80.57	28.65
6.51	34.01	20.89
-2.86	10.11	43.07
31.03	14.89	5.48
-45.98	14.72	-3.66

// Curtis V A, 1998: Schizophrenic Patients
// Subjects=5
-1.68	2.52	54.85
1.38	16.4	41.38
32.26	-66.92	-6.63
-44.45	-1.34	50.08
14.14	-66.6	-.88
-41.54	26.4	23.19
-54.26	9.84	30.3
-33.13	25	4.25
-1.58	-48.12	46.82
4.98	-61.95	60.18
10.47	45.04	-15.77

// Curtis V A, 1998: Normal Subjects
// Subjects=5
4.68	17.36	53.53
-47.8	12.5	36.7
-44.88	12.87	-.17
-4.88	-49.08	34.68
-32.9	15.25	29.6
-39.49	35.42	15.72
46.99	19.76	-1.8
-41.48	11.6	24.43
-35.87	2.31	55.26
4.87	-59.72	47.72
7.3	47.56	-10.37
4.78	-45.34	40.94
4.97	-46.63	65.58
-4.88	-49.08	34.68
4.81	-5.39	62.13
-1.74	-68.41	18.42

// Friston K J, 1995: Activations
// Friston K J, 1995: Deactivations
// Subjects=1
1.46	0.71	44.93
24.95	-3.72	40.57
1.25	18.37	25.6
16.49	-73.16	24.18
7.99	-77.1	29.07
20.18	54.84	0.02
33.14	36.57	10.33
39.67	15.8	16.46
-37.54	49.92	-3.36
-26.87	54.21	-3.84
-1.2	56.83	0.1
-5.5	45.54	-7.82
-33.25	36.92	-6.78
12.06	-50.61	13.42
-.74	-57.03	14.11
-4.97	-67.63	15.04

// Maddock R J, 1997: Subject a
// Subjects=1
0.44	-49.31	31.29

// Maddock R J, 1997: Subject b
// Subjects=1
-7.16	-56.1	12.99

// Maddock R J, 1997: Subject c
// Subjects=1
-2.94	-42.33	11.78

// Maddock R J, 1997: Subject d
// Subjects=1
-3.94	-30.64	25.31

// Maddock R J, 1997: Subject e
// Subjects=1
-2.74	-54.53	32.88

// Maddock R J, 1997: Subject f
// Subjects=1
-.64	-54.95	27.31

// Maddock R J, 1997: Subject g
// Subjects=1
0.55	-53.65	43.92

// Maddock R J, 1997: Subject h
// Subjects=1
-10.22	-54.58	32.97

// Phillips M L, 1997: 75% Fearful Faces - Neutral Faces
// Phillips M L, 1997: 150% Fearful Faces - Neutral Faces
// Phillips M L, 1997: 75% Disgusted Faces - Neutral Faces
// Phillips M L, 1997: 150% Disgusted Faces - Neutral Faces
// Phillips M L, 1997: 150% Disgusted Faces - 75% Disgusted Faces
// Subjects=7
-41.53	-25.18	2.98
-26.76	-14.92	-17.01
-26.74	-5.94	-11.07
25.57	9.18	-12.94
32.19	14.7	16.63
22.39	-11.45	-17.86
38.51	-10.41	-5.87
41.74	-4.59	0.3
19.16	43.29	2.12
-2.17	46.85	8.76
-13.66	-75.65	-5.37
38.43	34.94	2.6
50.26	13.87	4.23
-33.08	25.51	10.9
4.62	-53.57	17.1
38.44	47.09	8.27
32.49	-76.67	18.72
29.11	-30.16	14.86
-26.57	-52.47	-7.17
-41.54	-49.39	-7.26
-44.61	-35.89	16.18
50.33	-28.32	-4.5
25.72	5.26	5.23
41.69	20.16	3.8
-20.07	-75.69	-5.3

// Phillips M L, 1998: Facial Expressions of Fear - Neutral Facial Expressions
// Phillips M L, 1998: Vocal Expressions of Fear - Neutral Vocal Expressions
// Phillips M L, 1998: Facial Expressions of Disgust - Neutral Facial 
// Expressions
// Phillips M L, 1998: Vocal Expressions of Disgust - Neutral Vocal 
// Expressions
// Phillips M L, 1998: Facial Expressions of Fear - Facial Expressions of 
// Disgust
// Phillips M L, 1998: Facial Expressions of Disgust - Facial Expressions of 
// Fear
// Phillips M L, 1998: Vocal Expressions of Fear - Vocal Expressions of 
// Disgust
// Phillips M L, 1998: Vocal Expressions of Disgust - Vocal Expressions of 
// Fear
// Subjects=6
46.99	7.62	-7.48
50.28	-1.37	-0.07
43.79	-19.78	-17.41
63.16	-31.41	-4.39
50.3	-31.92	-9.78
-44.96	34.02	-1.94
-29.99	-8.59	-17.5
-41.21	-61.36	30.55
47.17	-52.03	-8.05
44.03	-57.96	-1.94
15.95	19.06	-8.08
7.32	54.42	-4.25
25.81	-55.33	-7.53
1.12	10.4	5.08
4.14	48.06	-3.68
-16.91	-51.98	-1.74
41.73	-25.62	-10.2
-41.66	-17.66	-9.91
-54.24	-30.66	15.85
25.9	-30.18	14.89
38.7	-23.76	14.21
7.7	-44.98	4.08
7.37	27.47	-8.69
13.87	-19.96	-17.05
4.33	-1.64	0.48
7.74	-30.29	15.11
46.92	0.33	-19.13
50.21	4.46	-7.25
53.5	-4.52	0.16
38.6	-9.47	6.32
-39.44	-1.48	6.55
-39.52	7.61	0.21
-41.71	7.09	-6.41
-36.33	-2.4	-5.68
-8.24	-69.39	6.31
22.75	-84.52	0.53
25.71	-4.69	0.49
-26.56	-18.32	7.81
19.21	-19.93	-17.11
28.76	-11.84	-23.48
60.07	-23.63	13.95
-32.78	-81.17	7.58
16.02	1.09	-6.57
7.42	15.84	-7.71
-29.39	-67.21	36.48
11.22	-66.96	35.99
60.11	-32.09	14.66
56.81	-20.99	7.08
-32.88	-27.36	15.33
-54.27	-24.31	15.32
-8.16	-65.28	18.23
-1.73	-46.32	28.83
-57.57	-22.1	2.91
-44.66	-45.29	4.7
-47.83	-44.88	10.28
43.74	31.37	-2.74
-2.06	-6.97	1
-26.72	40.35	9.58
-44.97	36.13	-2.12
46.99	-17.65	-17.63
-44.42	-61.38	30.59
47.17	-52.03	-8.05
53.5	-31.9	-9.81
44.03	-57.96	-1.94
-26.86	51.04	-3.58
32.16	-13.11	1.12
19.16	19.08	-8.12
-29.98	-11.76	-17.23
-36.25	1.72	6.24
-44.92	9.18	-6.55
56.86	-20.48	13.72
-17.15	-23.75	-21.95
22.53	-37.37	-9
25.69	1.66	-0.04
-8.29	-69.91	-.34
19.27	-10.53	-5.64
16.02	1.09	-6.57
41.71	-22.45	-10.47
-11.44	-59.47	11.09
29.01	-55.31	-7.57
4.16	30.62	-8.91
7.35	48.08	-3.72
22.68	-27.03	14.67
59.87	-7.11	-6.39
-32.6	-67.23	36.52
-8.17	-62.11	17.96
-1.73	-46.32	28.83
43.73	34.55	-3.01
-57.59	-18.93	2.64
56.81	-20.99	7.08
56.89	-29.99	14.52
-2.05	-10.14	1.27

// Phillips M L, 1998: Familiar - Unfamiliar Faces
// Phillips M L, 1998: Unfamiliar - Familiar Faces
// Phillips M L, 1998: Happy - Neutral Faces
// Phillips M L, 1998: Neutral - Happy Faces
// Phillips M L, 1998: Neutral - Sad Faces
// Subjects=8
63.21	-30.9	2.26
-50.99	-17.01	26.94
-33.12	35.03	10.1
-5.41	55.29	8.09
-4.98	-58.91	17.66
16.36	-50.33	16.69
35.64	-25.58	32.24
14.19	-81.4	0.37
38.69	3.62	24.18
-29.73	-.48	18.62
38.64	3.11	17.53
-2.27	48.02	-3.61
16.43	-56.24	22.76
4.65	-62.03	17.81
-13.54	-56.85	17.58
-44.69	-12.63	14.23
-41.43	-15.35	20
1	43.18	2.34
25.79	-12.72	6.74
29.01	-17.99	7.14
-20.09	-8.88	19.21
-41.43	-15.35	20
-50.99	-32.33	21.53
50.23	35.53	9.1
-20	-93.67	-3.79
-11.51	-78.81	-5.13
-20.04	-82.04	-4.76
-8.18	-86.31	7.73

// Sprengelmeyer R, 1998: Disgust - Neutral
// Sprengelmeyer R, 1998: Fear - Neutral
// Sprengelmeyer R, 1998: Anger - Neutral
// Subjects=6
-45	24	-14
24	-12	-7
-36	0	7
-48	24	-14
-51	33	14
33	-57	-14
-48	24	-14
-57	-51	7
15	-39	42

// Teasdale J D, 1999: Negative vs. Reference
// Teasdale J D, 1999: Positive vs. Reference
// Teasdale J D, 1999: Positive vs. Negative
// Subjects=6
1.14	44.63	21.17
4.62	7.96	42.05
7.5	44.16	14.45
4.39	36.37	24.06
1.17	-13.29	1.49
10.86	-33.33	3.06
35.35	41.67	21.03
53.59	21.69	22.49
43.92	-16.21	1.25
-39.47	-5.08	1.27
-1.94	-27.69	8.31
-11.12	-68.27	48.62
-5.19	-3.93	13.05
-16.83	-8.34	25.82
0.99	58.5	7.74
-2.16	55.73	13.59
4.72	5.73	54.5
59.89	10.75	4.38
1.04	46.86	8.72
4.62	7.96	42.05

// Whalen P J, 1998: Masked Fearful vs. Masked Happy
// Subjects=10
20.21	-6.35	-20.5
-15.05	0.04	-17.28
-11.82	0.32	-14
-28.93	46.17	2.43

// Brammer M J, 1997: Auditory Subjects
// Subjects=8
-57.49	-33.31	9.42
-57.59	-16.82	2.47
66.29	-10.24	-6.2
63.19	-24.55	1.73
56.66	-19.19	-10.92
-54.44	-17.31	-4.22

// Brammer M J, 1997: Verbal Subjects
// Subjects=6
1.67	-59.74	47.76
-44.69	11.58	24.47
-44.66	15.18	29.74
-41.38	10.43	36.8
-26.09	-66.25	48.63
1.37	19.57	41.11

// Casey B J, 1998: Pooled Subjects
// Subjects=8
-11.95	61.53	-6.86
3.02	62.85	-4.91
-3.28	62.87	9.66
-39.34	30.36	32.87
48.37	21.88	39.26
-36.32	17.4	2.7
-55.15	-24.64	38.78
1.48	-41.9	30.65
-36.7	-42.39	69.05
27.28	-60.98	43.11
17.71	-65.01	46.9
-.87	37.19	35.2
4.5	36.34	37.44
2.47	8.92	40.88
-52.08	-3.98	30.32
48.52	-5.18	47.11
-3.72	-6.41	63.42
4.74	1.5	54.86
-16.35	-38.5	76.3
28.52	-31.8	76.34
5.58	-59.08	0.82
31.29	-86.76	-1.61
-40.22	-80.87	12.1
28.24	-83.04	19.3
-11.2	-84.45	32.14
7.97	-94.88	19.41
-2.91	-69.53	4.03

// Casey B J, 1998: Boston Site
// Subjects=5
-33.18	47.55	6.82
42.81	43.74	19.65
46.28	24.58	46.87
32.48	17.7	55.41
-43.78	33.02	12.62
-37.45	20.06	-4.2
0.37	21.39	51.01
26.23	-22.35	61.07
-49.7	-25.69	52.19
50.72	-28.69	45.71
-18.56	-53.54	60.86
43.41	-35.74	65.34
-3.64	-37.42	61.56
-11.28	9.23	59.97
32.49	32.13	63.12
23.88	22.68	51.75
21.66	18.46	38.74
-21.9	-6.69	61.43
-33.56	-29.86	65.73
-12.66	-56.61	-6.98
37.49	-72.49	-24.07
41.9	-54.55	1.14
-.74	-71.29	8.61
24.78	-77.97	-11.2
39.81	-56.33	5.78
6.77	-72.05	11.93
13.4	-74.18	38.8

// Casey B J, 1998: Madison Site
// Subjects=5
40.64	43.39	15.25
34.57	8.48	46.12
-26.32	2.83	47.3
3.51	18.53	41.18
-.69	-42.26	26.25
13.41	-48.83	50.06
-17.64	4.25	64.92
-.56	-1.36	59.62
-37.98	-8.36	55.06
47.42	-19.71	38.3
41.22	-38.47	57.79
22.56	-50.32	-11.26
-26.6	-51.75	-11.69

// Casey B J, 1998: Minnesota Site
// Subjects=6
-6.53	69.03	6.95
26.85	42.22	28.89
-23.23	37.83	45.44
10.39	28.86	-32.26
-23.29	24.02	32.1
28.06	24.93	39.24
19.24	-9.73	-9.05
-40.43	-11.63	12.98
-49.35	-23.19	-39.47
-5.73	-20.46	74.66
-66.27	-28.1	-18.79
2.52	-31.24	30.86
-49.16	-36.63	-20.51
19.43	-34.16	5.27
-22.72	-33.71	83.78
-14.77	-40.97	2.88
12.46	-43.15	68.55
53.92	-59.48	32.64
-31.03	-65.47	-37.25
19.33	-54.99	-16.41
-5.84	-74.38	37.92
19.7	-86.26	19.67
-36.22	58.04	32.74
27.55	26.31	-25.55
2.19	29.07	12.43
-65.19	14.86	-.1
-57.39	16.05	42.08
-40.22	14.72	50.92
-22.92	-8.39	67.16
-60.9	-17.86	-10.79
-39.95	-30.87	67.01
-31.89	-57.79	-6.66
-66.26	-76.25	-35.94
19.26	-59.02	-27.22

// Casey B J, 1998: Pittsburgh Site
// Subjects=8
-2.33	54.02	-8.57
12.02	47.81	47.54
-8.13	31.71	61.39
32.49	0.26	50.18
-32.71	21.62	56.95
39.62	43.89	21.91
32.09	12.61	3.43
-43.79	7.67	1.37
33.52	-1.3	43.61
-5.72	-48.89	64.78
14.64	-43.86	73.05
5.63	-50.82	11.28
48.6	-51.59	38.73
-59.35	-50.21	38.74
-36.67	-55.34	66.79
28.48	-57.49	60.65
60.04	-53.64	-2.49
-29.35	-76.64	38.38
-36.99	-80.6	15.38
-.55	-90.27	24.7
28.01	-90.89	-13.49
1.97	50.96	-7.25
-24.57	41.59	11.68
18.01	28.08	-15.55
9.55	24.57	-5.12
-23.86	12.66	-46.12
-44.84	16.55	6.21
41.65	17.53	-2.67
-8.19	3.65	42.56
9.8	10.68	21.69
-33.7	-8.33	55.01
53.76	-9.44	32.91
-27.68	-2.46	6.49
24.62	-3.89	-2.91
3.32	-2.11	8.34
50.38	-22.26	5.03
53.82	-26.44	33.22
-43.22	-24.88	62.08
25.33	-29.45	79.52
66.36	-36.94	-7.31
-39.35	-38.91	4.11
-40.01	-41.32	55.62
-59.37	-51.53	35.51
35.84	-56.44	45.98
-20.48	-42.65	-45.98
45.88	-58.66	-38.71
2.15	-57.01	-27.19
-41.69	-67.47	-34.73
-11.17	-70.9	42.15
12.33	-78.59	36.95
-2.8	-6.81	44.49
-15.24	-40.26	80.89
-.51	-49.17	46.9
-40.2	-82.82	14.49
-5.8	-89.27	38.06
12.4	-91.02	41.34
-12.45	-100.6	2.28

// Cohen J D, 1994: Memory - Control
// Subjects=12
19.26	55.23	18.96
-29.9	42.88	14.98
34.22	47.66	16.08
-37.41	36.95	7.76
42.71	43.86	7.38
-2.17	43.5	6.81
4.32	25.74	10.45
-24.77	28.62	-18.45
28.61	43.75	-20.33

// Cohen J D, 1997: Load
// Cohen J D, 1997: Time
// Cohen J D, 1997: Load x Time
// Subjects=10
40.74	37.81	25.75
8.75	35.05	34.16
-42.63	10.74	13.36
49.33	17.43	22.9
-36	6.49	40.41
35.73	12.69	59.14
14.58	-58.72	59.79
-41.15	-46.42	44.91
48.67	-53.02	47.77
1.39	9.88	39.7
-29.97	19.04	-4.21
35.22	24.98	-2.11
-35.81	-10.21	58.54
-46.44	-20.67	61.77
69.7	-26.83	12.99
-19.79	-66.26	34.06
-8.76	68.07	-5.21
8.83	-61.89	5.48
-38.25	-62.77	-1.71
-44.69	11.58	24.47
1.37	21.77	42.04
50.59	10.6	44.65
-26.23	1.57	58.55
34.65	4.94	55.34
-46.65	0.25	43.29
-28.34	-38.85	45.24
41.11	-41.78	42.46

// Curtis V A, 1999: Schizophrenic Subjects
// Subjects=5
4.75	-64.26	30.26
41.86	-75.84	-12.69
-32.85	-87.4	-4.17
32.28	-70.09	-6.37
-13.64	-94.14	-10.51
1.52	5.71	54.54
-48.15	15.51	-7.05
-41.34	19.66	46.06
56.81	-33.05	2.51
-51.19	20.54	17.1
-47.83	18.85	36.16
-47.73	4.47	42.94
-48.1	27.02	4.26
-39.09	-6.59	50.46
-11.25	-72.81	31.16
25.99	-92.97	1.2
7.66	-85.99	-17.02
1.63	-51.28	47.05
-39.21	-74.87	7.12
-16.83	-85.19	-4.54
22.79	-80.84	6.91
-32.76	-86.46	8.02
16.45	-88.91	13.24
29.31	-85.15	19.46
47.15	-61	-13.99
-39.43	-56.23	-13.4
4.76	9.41	60.88
-47.84	-66.97	-.13
-29.73	-76.26	-11.83
-44.49	8.18	49.29
-16.83	-85.19	-4.54
22.79	-80.84	6.91
1.66	-44.42	53.17
7.88	-58.41	23.04
16.45	-88.91	13.24
-47.75	10.82	42.41
-48.1	16.02	-.4
-29.73	-76.26	-11.83
35.4	-61.07	-13.85
-39.43	-56.23	-13.4
4.7	12.07	53.97
29.35	-82.6	24.83

// Curtis V A, 1999: Normal Subjects
// Subjects=5
-13.57	-86.86	1.14
16.45	-88.91	13.24
-1.66	-64.3	30.34
22.74	-81.35	0.26
4.9	-53.92	53.93
-57.43	-23.91	20.9
47.24	-72.12	-6.37
-19.67	-68.32	48.73
1.54	-36.9	40.27
-36.22	-56.21	-13.44
-47.8	12.5	36.7
38.6	-61.05	-13.89
-51.14	21.06	23.75
50.7	-63.98	29.71
47.57	-47.83	46.24
53.52	17.66	11.68
57.02	11.96	47.8
11.14	-20.55	44.37
-16.83	-85.19	-4.54
22.79	-80.84	6.91
-32.76	-86.46	8.02
16.45	-88.91	13.24
29.31	-85.15	19.46
47.15	-61	-13.99
-39.43	-56.23	-13.4
4.76	9.41	60.88
-47.84	-66.97	-.13
-29.73	-76.26	-11.83
-44.49	8.18	49.29
-16.83	-85.19	-4.54
22.79	-80.84	6.91
1.66	-44.42	53.17
7.88	-58.41	23.04
16.45	-88.91	13.24
-47.75	10.82	42.41
-48.1	16.02	-.4
-29.73	-76.26	-11.83
35.4	-61.07	-13.85
-39.43	-56.23	-13.4
4.7	12.07	53.97
29.35	-82.6	24.83

// D'Esposito M, 1998: Verbal Task, AA
// D'Esposito M, 1998: Spatial Task, AA
// D'Esposito M, 1998: Verbal Task, CA
// D'Esposito M, 1998: Spatial Task, CA
// D'Esposito M, 1998: Verbal Task, KH
// D'Esposito M, 1998: Spatial Task, KH
// D'Esposito M, 1998: Verbal Task, AM
// D'Esposito M, 1998: Spatial Task, AM
// D'Esposito M, 1998: Verbal Task, CM
// D'Esposito M, 1998: Spatial Task, CM
// D'Esposito M, 1998: Verbal Task, HT
// D'Esposito M, 1998: Spatial Task, HT
// D'Esposito M, 1998: Verbal Task, RK
// D'Esposito M, 1998: Spatial Task, RK
// D'Esposito M, 1998: Verbal Task, DB
// D'Esposito M, 1998: Spatial Task, DB
// Subjects=8
-31.09	38.49	25.75
42.16	50.27	9.89
-40.69	17.5	31.35
41.9	51.59	-10.4
33.27	52.73	-9.25
41.2	31.43	15.13
41.16	39.94	14.29
-31.12	42.64	24.22
-32.01	34.21	37.4
-40.62	14.72	36.11
36.81	44.08	12.84
-20.54	45.38	6.96
36.73	44.52	6.07
-25.77	53.19	21.97
39.09	58.09	24.86
43.5	54.37	30.75
-25.7	35.11	23.75
37.13	17.98	32.22
-25.77	34.59	18.2
16.37	54.51	22.24
-36.73	46.49	8.25
33.64	45.65	18.34
-32.35	49.15	13.51
36.88	45.66	18.28

// Schlosser R, 1998: Females
// Subjects=6
-52	30	12
-48	8	26
-48	14	20
-4	14	56
-50	-30	44
-42	-34	42
38	24	-8
-24	-56	52
24	-70	-24
22	-62	-22
32	-56	-26
4	-54	48
-8	-44	44
-10	-36	50
-50	-64	36
-44	-50	28
-44	-58	30
54	-60	34
58	-52	24
46	-48	26
64	-4	-24
54	-14	-20
64	2	-30

// Schlosser R, 1998: Males
// Subjects=6
-48	14	26
-46	28	20
-6	18	50
-24	-66	58
-24	-58	54
-28	-48	54
38	-56	-38
48	-64	-34
34	-76	-50
66	-16	12
66	-16	24
64	-18	32
-6	-46	46
-4	-38	48
-2	-48	38
-54	-56	24
-56	-54	36
-68	-32	30

// Honey G D, 1999: Schizophrenic Patients
// Subjects=20
-39	-45.18	47.01
39.03	-59.94	41.77
50.52	9.92	35.78
53.66	12.6	28.83
-57.7	22.74	4.73
56.61	20.88	-2.01
1.5	-1.06	49.53
-35.96	1.37	43.07
-26.27	-6.52	50.31
-32.95	-73.11	-12.06
-5.16	-76.12	-12.12
50.46	12.58	28.87
7.76	24.9	40.59
26.26	-62.76	47.73
-26.12	-59.9	48.09

// Honey G D, 1999: Normals
// Subjects=10
-39.01	-51.95	42
35.83	-63.13	42.08
-44.58	7.23	37.1
38.43	49.2	8.09
-36.32	21.81	4.56
-1.76	13.72	48.33
-44.54	7.66	42.64
-41.21	-9.78	50.76
19.43	-79.14	-12.15
-33	-71.42	-17.77
35.73	-.43	54.66
-41.5	-73.16	-11.95

// Maldjian J A, 1999: Motor Ball Squeezing vs. Rest
// Maldjian J A, 1999: Digit 1 vs. Rest
// Maldjian J A, 1999: Digit 2 vs. Rest
// Maldjian J A, 1999: Digit 3 vs. Rest
// Maldjian J A, 1999: Digit 4 vs. Rest
// Maldjian J A, 1999: Digit 5 vs. Rest
// Subjects=5
44	-24	48
36	-38	51
54	-14	36
50	-18	42
40	-24	48
44	-26	45
30	-40	48
48	-24	42
36	-36	54

// Celsis P, 1999: Standard Tone vs. Rest
// Celsis P, 1999: Deviant Tone 1 vs. Rest
// Celsis P, 1999: Deviant Tone 1 vs. Standard Tone
// Celsis P, 1999: Deviant Tone 2 vs. Rest
// Celsis P, 1999: Deviant Tone 2 vs. Standard Tone
// Celsis P, 1999: Standard Syllable vs. Rest
// Celsis P, 1999: Deviant Syllable vs. Rest
// Celsis P, 1999: Deviant Syllable vs. Standard Syllable
// Subjects=6
48	-22	10
-48	-28	10
50	-18	5
-50	-42	15
-48	-46	15
50	-22	5
-52	-40	15
48	8	5
-44	-52	15
46	2	15
-50	-24	5
50	-20	5
-50	-40	15
-46	-28	5
46	-22	5
-50	-40	15
-30	-52	30

// Griffiths T D, 1998: Add vs. Cancel
// Subjects=3
26	-72	60
32	-42	50
66	-26	26
-52	-38	32
-20	-48	76
-44	-32	62
58	8	46
34	24	-8
-36	0	58
-54	4	44
-38	8	22
-22	2	68
-4	10	50
28	-46	-36
-26	-64	-18
4	-78	-18

// Konishi S, 1998: Three Dimensional - (Two + One Dimensional)
// Subjects=7
42.88	19.16	18.37
-41.56	21.83	19.11
42.14	-30.14	41.47
-46.47	-33.07	52.77
-1.94	30.58	32.42

// Becerra L R, 1999: Normals - Group 1
// Subjects=6
14.17	31.54	43.31
4.54	-33.48	15.42
1.07	45.01	12.22
34.3	2.39	8.72
40.31	-5.11	-47.6
7.28	8.92	-28.32
43.45	44.84	-35.09
23.09	61.63	-36.27
7.47	-49.49	-26.77
62.97	-2.66	-17.95
44.19	-35.39	28.5
4.35	-72.77	-24.78
16.99	-64.72	-45.67
3.67	56.29	-62.36
20.57	-60.85	4.14
-26.05	-19.74	-65.68
7.76	31.5	43.39
7.37	47.19	-1.42
10.95	-46.64	9.76
34.28	2.14	5.4
37.31	-12.84	-23.49
10.53	17.12	-19.01
70.17	4.33	-52.08
50.23	-53.46	-26.93
26.24	63.25	-43.13
17.5	5.38	48.81
17.14	-69.78	-28.52
33.98	46.32	-15.03
-29.26	9.82	-54.74

// Becerra L R, 1999: Normals - Group 2
// Subjects=6
34.42	34.31	36.15
10.64	44.55	5.46
14.15	-30.25	15.03
43.92	2.45	8.6
30.76	2.21	-34.72
7.28	8.92	-28.32
63.73	24.9	-47.03
34.24	-63.08	-25.94
26.31	44.22	-41.53
62.99	-9.01	-17.42
-2.14	-57.21	-29.36
33.98	46.32	-15.03
-15.32	-30.25	-64.92

// Thompson-Schill S L, 1999: Living:  Visual - Baseline
// Thompson-Schill S L, 1999: Living:  Non-Visual - Baseline
// Thompson-Schill S L, 1999: Non-Living:  Visual - Baseline
// Thompson-Schill S L, 1999: Non-Living:  Non-Visual - Baseline
// Subjects=5
-42.62	-56.08	-11.14
45.06	-34.18	2.74
-35.36	20.7	-9.86
-42.44	-.41	34.37
-10.34	4.61	41.39
-46.9	-47.39	-8.48
-35.35	16.47	-9.5
-42.62	-56.08	-11.14
53.59	-29.9	2.28
-31.09	20.72	-9.91
-39.23	-.39	34.33
-51.14	-47.07	-3.99
57.87	-29.87	2.23
-31.06	21.07	-5.48
-39.2	-0.05	38.76
13.1	8.38	33

// Corbetta M, 1998: Attention vs. Fixation
// Corbetta M, 1998: Eye Movement vs. Fixation
// Corbetta M, 1998: Attention vs. Eye Movement
// Corbetta M, 1998: Eye Movement vs. Attention
// Subjects=6
28.49	-56.26	62.77
-25.01	-52.87	56.41
19.95	-62.83	61.19
-18.48	-60.43	68.12
30.46	-75.57	33.15
-25.16	-76.41	27.16
45.3	-2.03	46.88
-35.91	-4.63	48.03
38.73	2.9	28.7
32.58	3.32	62.19
-27.34	-8.81	48.28
-3.78	5.05	60.23
13.44	-4.57	71.99
-36.18	32.06	27.11
49.33	35.03	30.34
62.16	6.59	19.2
45.13	-43.35	7.97
47.36	-68.72	10.07
30.36	-89.8	14.27
45.22	-77.53	6.38
32.29	-85.32	-10.67
39.15	-54.25	60.25
-22.8	-56.57	63.39
15.73	-60.05	69.93
-5.68	-76.01	58.13
28.35	-79.64	35.74
-23.03	-83.09	23.24
45.3	-2.03	46.88
-38.05	-2.53	47.88
38.73	2.9	28.7
32.58	3.32	62.19
-29.48	-8.82	48.31
-3.8	4.88	58.02
-38.33	34.17	26.96
57.9	26.45	28.74
55.5	12.78	-10.24
51.54	-38.91	9.76
47.42	-70.32	16.9
-46.63	-73.17	15.99
32.43	-86.07	7.24
13.15	-93.21	-.86
-10.35	-82.27	5.18
0.27	-100.49	-11.26
19.57	-104.09	-4.48
34.34	-81.77	-19.91
-23.34	-86.34	-18.86
45.01	-75.36	-20.57
-44.66	-83.67	-9.92
15.17	-87.88	-14.71
-10.48	-101.24	-19.99
41.21	-41.9	54.73
17.82	-64.96	61.4
32.6	-75.55	33.12
38.88	0.05	46.78
49.5	-.58	37.79
32.53	0.69	55.72
0.43	8.79	53.18
4.84	-5.13	65.45
36.37	48.9	18.18
51.45	8.47	16.94
38.54	11.94	7.87
-32.04	21.92	5.61
64.37	-49.75	6.06
47.34	-68.89	7.86
17.55	-98.5	12.91
-22.99	-98.06	22.26
42.98	-91.78	-12.48
38.56	-71.34	-23.06
-36.38	-51.32	-32.8
-12.09	-73.77	60.25
-42.33	-79.49	16.47
-23.08	-88	14.73
4.77	-87.15	23.26
-14.44	-93.61	24.02
-3.62	-92.18	41.62
6.81	-96.97	6.22
-10.35	-82.27	5.18
-6.11	-95.79	-4.89
19.57	-104.09	-4.48
25.95	-95.59	-5.27
-23.32	-83.88	-14.61
-16.84	-102.88	-13.09

// Culham J C, 1998: Attentive Tracking vs. Passive Viewing
// Subjects=21
-48.23	-77.05	0.38
-38.64	-85.56	7.79
-29.03	-59.81	57.82
-31.66	-80.54	28.03
-16.78	-66.51	78.76
-44.25	-36.12	48.98
-26.92	-5.85	63.09
-56.23	4.61	35.89
-4.86	6.8	59.54
48.57	-69.77	0.45
40.82	-82.74	15.12
58.37	-34	38.26
21.53	-65.09	57.91
26.2	-84.64	31.84
12.16	-59.39	85.75
41.7	-36.81	51.62
27.13	-4.7	59.47
49.69	1.31	35.96
8.83	5.93	60.91

// Gitelman D R, 1999: Posner Task vs. Baseline
// Subjects=12
-21	-60	51
27	-60	57
-6	-60	57
3	-54	57
-27	-6	42
51	0	36
-33	27	-9
36	27	-6
-3	9	45
3	18	39
0	24	24
63	-39	12
-45	-69	-6
51	-60	-6
-33	-87	-3
48	-69	-24

// Kimmig H, 1999: Saccades vs. Fixation
// Kimmig H, 1999: Pursuit vs. Fixation
// Kimmig H, 1999: Saccades and Pursuit
// Subjects=6
53.46	8.49	41.78
52.11	1.43	44.28
46.28	-74.35	6.1
33.49	3.9	42.06

// LaBar K S, 1999: Working Memory and Spatial Attention
// LaBar K S, 1999: Working Memory
// LaBar K S, 1999: Spatial Attention
// Subjects=11
24	-60	60
45	-45	51
-21	-60	48
-42	-48	45
54	12	30
-54	15	27
-42	3	33
0	12	45
-27	-3	45
36	6	48
51	3	42
-12	-9	15
-9	-3	9
15	-3	15
-30	-66	-39
-39	-57	-39
48	-57	-33
36	-66	-36
36	-75	-36
3	-51	-24
-48	-63	-6
-45	-54	-12
-60	-42	6
-54	-57	-6
42	21	-6
-54	15	-6
33	15	48
30	6	54
-27	9	54
-21	18	54
-39	15	27
3	-63	45
45	-60	33
39	-60	-45
-48	-72	3
57	-54	3
54	-66	3
-30	-87	0
-42	-78	3
-24	-63	-3
33	-84	12
42	-81	0

// Ramsey N F, 1996: Subject 1
// Subjects=1
-34.54	-13.86	55.26
-30.42	-16.26	62.33
-36.15	-15.49	53.52
-33.62	-20.68	60.5

// Ramsey N F, 1996: Subject 2
// Subjects=1
-34.54	-13.86	55.26
-40.13	-15.06	51.19
-36.15	-15.49	53.52
-43.34	-18.51	48.17

// Ramsey N F, 1996: Subject 3
// Subjects=1
-34.54	-13.86	55.26
-36.91	-5.1	55.89
-36.15	-15.49	53.52
-35.81	-14.61	56.67

// Ramsey N F, 1996: Subject 4
// Subjects=1
-34.54	-13.86	55.26
-30.55	-14.37	45.44
-36.15	-15.49	53.52
-34.81	-7.63	50.5

// Ramsey N F, 1996: Subject 5
// Subjects=1
-34.54	-13.86	55.26
-31.54	-11.32	57.46
-36.15	-15.49	53.52
-41.21	-10.84	50.84

// Ramsey N F, 1996: Subject 6
// Subjects=1
-34.54	-13.86	55.26
-38.98	-14.28	61.14
-36.15	-15.49	53.52
-41.21	-10.84	50.84

// Ramsey N F, 1996: Subject 7
// Subjects=1
-34.54	-13.86	55.26
-35.86	-21.72	47.23
-36.15	-15.49	53.52
-34.79	-26.12	45.36

// Ramsey N F, 1996: Subject 8
// Subjects=1
-34.54	-13.86	55.26
-33.68	-17.94	54.7
-36.15	-15.49	53.52
-30.46	-18.89	55.86

// Ramsey N F, 1996: Subject 9
// Subjects=1
-34.54	-13.86	55.26
-33.67	-9.05	59.53
-36.15	-15.49	53.52
-30.43	-12.03	61.97

// Sunaert S, 1999: Motion (UNI) - Stationary (STA)
// Subjects=13
-42	-66	2
-24	-84	10
-34	-80	4
-20	-80	-8
-30	-44	52
-26	-76	26
-40	-64	-12
-28	-6	56
42	-62	6
22	-90	10
28	-86	2
14	-76	-10
28	-6	60

// Berman R A, 1999: Visual Pursuit Tracking and Visually Guided Saccades
// Subjects=11
-36.26	-4.59	58.29
-32.21	-4.72	56.25
-50.51	2.9	42.1
-51.78	1.01	42.61
-3.41	-4.75	62.84
-3.92	-5.28	65.67
-4.66	-61.12	57.99
-5.48	-64.57	61.63
-30.32	-54.82	59.09
-31.12	-50.11	54.02
-2.46	10.47	39.36
-3.94	13.39	42.92
-10.47	-17.75	42.71
-11.32	-21.73	42.16
42.03	-1.87	53.37
39.36	-.56	54.07
55.13	4.41	35.75
54.92	3.47	35.94
6.64	-2.81	63.67
6.06	-1	59.62
12.75	-65.11	55.67
10.64	-65.95	58.77
30.8	-53.33	59.16
25.78	-56.92	57.28
8.1	11.54	37.14
8.81	19.43	35.24
12.62	-18.8	43.53
12.33	-23	45.67

// Garavan H, 1999: Response Inhibition
// Subjects=14
45.79	43.65	-9.37
39.73	28.55	29.88
37.67	10.64	32.52
44.93	41.38	16.48
36.29	19.53	-3.89
39.49	9.6	-8.67
2.43	21.69	40.92
44.13	-82.11	2.31
35.81	-74.39	34.1
36.88	-58.98	40.6
-45.46	-36.93	44.16
52.87	-43.91	41.39
45.48	-51.81	49.94
-44.73	-66.84	-12.45

// Konishi S, 1998: Go Dominant Foci
// Konishi S, 1998: No-Go Dominant Foci
// Subjects=5
46.83	64.17	-5.53
7.73	14.69	32.53
12.76	37.88	1.53
56.89	15.07	33.05
-31.94	16.34	16.12
-2.18	62.08	13.06
-11.56	13.98	25
-40.43	16.89	23.98
-45.74	22.75	31.35
-46.95	23.48	13.46
52.48	16.85	15.11
55.64	24.1	12.23
50.37	23.78	22.35
47.03	36.65	10.16
39.57	34.58	11.54
47.16	24.73	21.2
45	30.01	20.78
39.61	24	12.42
4.3	34.28	10.85
28.85	38.57	9.09
13.79	46.26	-.3
4.26	42.65	9.03
44.82	38.07	1.15
57.7	28.8	4.01
7.45	29.38	2.3
17.12	33.21	9.68
39.5	32.75	1.65
-53.21	21.73	32.64
-2.09	44.36	17.89

// Luna B, 1998: Saccades vs. Fixation, Average Individual Subject Data
// Luna B, 1998: Saccades vs. Fixation, Group Average Data
// Subjects=10
-30.77	0.85	50.97
-44.14	12.09	40.7
-.91	4.81	58.32
-18.85	-57.27	63.63
-3.31	-59.27	54.25
-40.91	-43.49	48.34
38.03	1.81	47.65
6.39	12.41	37.53
6.45	6.58	57.09
24.21	-58.57	60.79
7.51	-56.38	59.01
46.93	-41.89	48.76
-25.15	-7.14	55.93
-54.18	4	37.48
1.52	5.79	55.65
-24.98	-54.81	58.81
-6.83	-83.39	45.38
-31.56	-38.96	44.17
42.17	-3.39	57.07
52.71	10.53	43.51
1.47	5.28	49
27.41	-65.16	57.96
13.55	-52.84	67.12
55.05	-38.98	49.87

// Petit L, 1999: Normal Subject 1
// Subjects=1
-33	-24	51
44	-7	45
-31	-61	44
38	-58	42
2	-18	56
-2	-78	40
-37	-77	-3
35	-83	1
-34	-17	47
36	-15	47
-30	-58	40
35	-56	39
0	-13	53
2	-70	45
-41	-69	8
41	-72	2
-37	-18	43
44	-7	43
-30	-62	45
28	-69	39
-1	-16	57
3	-80	39
-39	-73	2
44	-71	0
-35	-18	46
36	-10	47
-30	-58	45
37	-55	41
1	-8	55
0	-70	46
-43	-67	5
45	-63	2

// Petit L, 1999: Normal Subject 2
// Subjects=1
-42	-19	37
49	-13	43
-36	-71	36
37	-54	41
-2	-19	57
3	-75	40
-41	-73	3
53	-63	0
-29	-21	45
35	-15	45
-26	-58	42
35	-57	37
2	-5	52
1	-66	40
-41	-63	4
47	-63	2
-37	-18	43
44	-7	43
-30	-62	45
28	-69	39
-1	-16	57
3	-80	39
-39	-73	2
44	-71	0
-35	-18	46
36	-10	47
-30	-58	45
37	-55	41
1	-8	55
0	-70	46
-43	-67	5
45	-63	2

// Petit L, 1999: Normal Subject 3
// Subjects=1
-37	-15	40
39	-5	39
-27	-54	49
26	-68	39
0	-7	56
2	-79	39
-39	-75	3
37	-68	0
-37	-11	46
40	-6	48
-34	-57	47
47	-42	46
-1	-4	54
-2	-65	54
-45	-69	3
42	-57	3
-37	-18	43
44	-7	43
-30	-62	45
28	-69	39
-1	-16	57
3	-80	39
-39	-73	2
44	-71	0
-35	-18	46
36	-10	47
-30	-58	45
37	-55	41
1	-8	55
0	-70	46
-43	-67	5
45	-63	2

// Petit L, 1999: Normal Subject 4
// Subjects=1
17	-89	34
-9	-20	59
12	-86	36
-39	-72	4
50	-70	-3
-38	-24	47
43	-11	43
-24	-68	49
39	-58	41
3	-8	56
-2	-74	44
-43	-67	3
51	-65	2
-37	-18	43
44	-7	43
-30	-62	45
28	-69	39
-1	-16	57
3	-80	39
-39	-73	2
44	-71	0
-35	-18	46
36	-10	47
-30	-58	45
37	-55	41
1	-8	55
0	-70	46
-43	-67	5
45	-63	2

// Petit L, 1999: Normal Subject 5
// Subjects=1
-37	-14	45
44	-4	46
-28	-59	52
24	-77	38
2	-15	58
-41	-68	5
46	-72	0
0	-83	39
-36	-17	48
28	-6	52
-34	-48	49
28	-62	44
1	-10	59
2	-75	45
-47	-65	6
46	-61	2
-37	-18	43
44	-7	43
-30	-62	45
28	-69	39
-1	-16	57
3	-80	39
-39	-73	2
44	-71	0
-35	-18	46
36	-10	47
-30	-58	45
37	-55	41
1	-8	55
0	-70	46
-43	-67	5
45	-63	2

// Uchida I, 1999: Subject 1
// Subjects=1
-38.2	-78.8	-2.6

// Uchida I, 1999: Subject 2
// Subjects=1
-17.81	-89.8	4.78
-45.66	-82.99	-1.04
-29.47	-81.27	19.81
45.2	-82.1	2.3

// Uchida I, 1999: Subject 3
// Subjects=1
-20.07	-92.15	-11.72
31.23	-91.85	-12.34
-38.18	-85.15	-2.06
-25.18	-83.19	22.16
-32.59	-82.55	31.11
26.1	-83.05	19.33
21.95	-81.79	36

// Uchida I, 1999: Subject 4
// Subjects=1
-27.59	-86.03	-14.38

// Uchida I, 1999: Subject 5
// Subjects=1
-39.24	-85.07	-.94
35.69	-76.65	18.68
-54.15	-58.24	17.05

// Uchida I, 1999: Subject 6
// Subjects=1
-42.4	-78.06	7.43
28.3	-75.75	30.96

// Chochon F, 1999: All Conditions vs. Control
// Chochon F, 1999: Digit Naming vs. Control
// Chochon F, 1999: Comparison vs. Control
// Chochon F, 1999: Multiplication vs. Control
// Chochon F, 1999: Subtraction vs. Control
// Chochon F, 1999: Comparison vs. Digit Naming
// Chochon F, 1999: Multiplication vs. Digit Naming
// Chochon F, 1999: Multiplication vs. Comparison
// Chochon F, 1999: Subtraction vs. Digit Naming
// Chochon F, 1999: Subtraction vs. Comparison
// Chochon F, 1999: Subtraction vs. Multiplication
// Subjects=8
42	-30	45
42	-39	39
39	-42	42
33	-48	45
-45	-42	39
-39	-54	48
-27	66	42
24	9	48
42	45	18
36	27	-6
-30	-6	51
-36	27	3
-42	-3	51
-12	18	36
51	3	36
12	33	30
42	-30	45
39	-42	42
33	-48	45
-45	-42	39
-39	-54	48
-27	66	42
36	27	-6
51	3	36
22	18	-4
-36	27	3
-42	-3	51
12	33	30
-12	18	36
42	-30	45
39	-42	42
33	-48	45
-45	-42	39
-39	-54	48
-27	66	42
24	9	48
42	45	18
36	27	-6
-30	-6	51
-36	27	3
-12	18	36
42	-30	45
42	-39	39
39	-42	42
33	-48	45
-45	-42	39
-39	-54	48
-27	66	42
24	9	48
42	45	18
36	27	-6
-30	-6	51
-36	27	3
-42	-3	51
-12	18	36
42	-24	45
-51	3	39
-30	-72	33
-45	-36	36
48	-30	48
-30	-69	39
-27	-60	42
48	18	15
30	27	3
42	-30	45
-54	3	39
-48	33	21
42	42	21
-51	42	42
6	21	33
-39	24	3
-27	-9	48
27	-63	30
27	-39	33
6	21	33
-51	36	18
48	18	15
24	42	3
33	24	3
39	-42	42
-39	30	-3
42	42	18
-42	-48	48
-57	6	18
-54	6	39
48	15	30
39	-39	54
30	27	3
-42	6	27

// Dehaene S, 1999: Approximate Addition - Exact Addition
// Dehaene S, 1999: Exact Addition - Approximate Addition
// Subjects=7
44	-36	52
20	-60	60
-56	-44	52
-32	-68	56
4	-60	52
-56	12	24
48	16	20
-44	64	12
-32	8	64
-48	-48	-28
12	-16	16
-20	-8	16
-32	64	4
-8	-56	20
20	-80	28
40	-76	20
-44	-72	36
48	-16	8
-8	60	16

// Georgiewa P, 1999: Dyslexics
// Subjects=17
-47	2	0
-7	-79	0
-45	11	0
-23	23	0
34	-40	10
13	-38	0
-45	-2	0
38	-34	10
-43	-11	10
-20	-20	10
-7	-79	0
-7	-93	0
16	-93	0
-45	-9	0
-13	-79	0
-34	18	0
-7	-79	0
-7	-92	0
-18	2	-10
-36	9	10
-20	-20	10
25	-22	-10

// Georgiewa P, 1999: Controls
// Subjects=17
-47	13	10
-23	23	10
36	9	10
29	-47	10
32	-77	0
-45	-2	0
38	-34	10
-43	-11	10
-20	-20	10
25	-43	10
-45	-9	0
-13	-79	0
-47	13	10
-20	2	10
-34	-59	0
34	13	10
2	-81	10
31	-84	0
-36	9	10
-20	-20	10
25	-22	-10

// Petit L, 1996: SEQ - Rest
// Petit L, 1996: SAC - Rest
// Petit L, 1996: SEQ - SAC
// Subjects=5
10.37	15.4	51.98
-4.85	10.26	43.79
-45.92	-.94	41.11
44.83	-.62	39.53
23.35	-4.12	49.21
-15.34	-70.61	51.97
38.51	-41.06	43.64
6.23	-75.2	47.57
-35.62	10.67	3.93
-24.73	-10.57	5.85
29.27	9.18	7.45
-9.74	-79.36	-18.98
55.02	-62.12	-21.79
10.39	11.14	52.4
-2.68	8.14	43.96
-41.53	-17.94	42.72
42.79	-15.1	45.48
48.71	-3.93	3.94
-29.1	-13.12	1.69
29.23	4.51	3.43
20.64	-8.28	4.85
9.78	-67.83	-11.49
3.81	21.34	47.03
-24.21	2.1	49.41
21.14	10.77	47.78
-13.18	-70.6	51.93
34.19	-71.68	37.78
4.07	-75.21	47.61

// Omori M, 1999: Alternate vs. Rest AND Tie vs. Rest AND Win vs. Rest AND 
// Lose vs. Rest
// Omori M, 1999: Alternate vs. Rest AND Alternate vs. Tie AND Alternate vs. 
// Win AND Alternate vs. Lose
// Subjects=6
46	8	32
-2	-6	48
-46	0	28
-52	2	12
34	-6	48
-32	-24	48
20	-10	52
-14	22	4
-44	-38	40
-22	-64	40
36	-48	-16
-6	-92	-8
8	-72	-12
-44	-76	-4
24	-82	0
-26	-78	-20
28	-66	-20
-10	-64	-20
-38	24	24
-42	8	28
38	12	32
-4	-68	40
24	-66	40
-28	-78	-16
-24	-60	-12
-14	-78	-16
-30	-78	12
-38	-76	8
26	-76	20
-22	-80	28

// Kim Y H, 1999: Spatial Priming > Control
// Kim Y H, 1999: Central Expectancy > Control
// Kim Y H, 1999: Spatial Priming and Central Expectancy
// Kim Y H, 1999: Central Expectancy > Spatial Priming
// Subjects=10
0	6	48
45	-3	51
-39	-6	51
27	-48	42
-30	-45	39
60	-39	12
-45	-60	-9
54	12	-3
-36	18	9
12	21	30
0	-24	24
39	42	24
-42	-18	51
15	-6	12
-12	-18	12
27	6	-6
-27	3	-3
27	-57	-24
-21	-66	-21
0	6	51
42	-3	54
-42	0	54
33	-51	60
-39	-45	57
63	-42	12
-54	-51	6
48	21	-6
-39	15	3
12	21	30
0	-18	24
36	42	24
-42	-15	54
9	-18	9
-6	-18	9
27	6	-6
-27	6	0
27	-51	-27
-36	-63	-27
0	6	48
42	-3	54
-42	3	33
33	-54	51
-30	-48	45
60	-39	12
-51	-51	12
42	24	-6
-45	-3	3
12	21	30
3	-24	24
39	42	24
-42	-12	54
12	-15	6
-6	-18	9
27	6	-6
-27	3	0
27	-54	-24
-39	-60	-27
-39	-45	57
54	-54	3
-54	-51	6

// Konishi S, 1999: No-Go Dominant Area
// Subjects=6
44.98	19.98	14.93

// Mottaghy F M, 1999: Encoding - Reference I
// Mottaghy F M, 1999: Recall - Reference II
// Mottaghy F M, 1999: Encoding - Reference I vs. Recall - Reference II
// Mottaghy F M, 1999: Recall - Reference II vs. Encoding - Reference I
// Subjects=6
-12	-76	52
4	-68	48
-32	-36	-24
28	-72	-16
8	32	28
-32	32	44
-40	8	48
-52	28	32
44	36	28
40	20	44
-28	-36	-16
20	-76	32
-8	-72	52
4	-76	48
8	40	16
-56	24	20
-52	36	24
-48	24	-12
36	4	32
-36	-72	28
44	-48	28
-48	-6	-32
12	-44	-12
-32	32	44
-16	36	28
64	-4	20
-28	-36	-16
-48	-56	-16
-28	-20	-16
-24	-68	36
-36	-72	28
20	-76	32
28	-64	28
-4	8	56
44	20	16

// Wildgruber D, 1996: Syllable Singing vs. Rest
// Subjects=10
66.34	9.68	33.67
-33.7	-74.31	-32.52

// Poldrack R A, 1998: Mirror Reversed Increases, Pre-Training
// Poldrack R A, 1998: Mirror Reversed Decreases, Pre-Training
// Poldrack R A, 1998: Skill-Related Increases
// Poldrack R A, 1998: Skill-Related Decreases
// Poldrack R A, 1998: Item-Specific Increases
// Poldrack R A, 1998: Item-Specific Decreases
// Subjects=6
12.17	-73.62	18.69
-22.96	-80.12	34.14
27.33	-71.47	45.1
-24.44	-67.94	-14.82
21.58	-75.7	-9.12
-34.17	-78	-33.94
25.65	-77.82	-36.87
-5.16	-58.6	-5.79
16.24	-24.06	12.26
-7.3	-24.55	8.11
-3.85	-90.09	13.57
5.89	-97.63	25.24
-57.31	-65.49	19.93
-.51	-72.24	37.68
-4.62	-53.03	66.23
25.32	-36.13	75.62
-54.27	-33.12	11.6
71.87	-31.93	15.63
1.69	-71.54	46.52
-1.4	-70.44	60.96
37.39	-69.11	-35.5
-44.67	-58.58	-1.99
71.86	-30.96	14.43
-2.89	-91.28	-1.96
-39.05	-98.42	19.13
-18.68	-97.69	26.64
-45.62	-91.36	0.77
-48.66	-80.87	26.69
28.34	-97.33	27.19
49.53	-90.28	6.28
30.03	-84.42	-26.33
35.17	-52.47	-40.22
34.83	-53.65	54.68
51.89	-62.78	45.21
63.1	-43.1	-17.91
51.44	-58.6	-10.9
13.97	-34.25	-9.16
-43.23	-79.89	38.82
-.55	-72.66	32.14
55.01	-72.42	30.37
2.73	-63.07	45.8
10.41	-52.17	76.02
-70.47	-35.01	-11.47
71.63	-25.62	-12.78
-23.11	-99.26	6.75
20.59	-82.59	-1.84
-33.65	-89.07	29.44
-15.58	-89.9	17.03
-39.94	-53.76	60
21.9	-20.78	54.3
33.66	-63.49	37.67
-39.02	-46.58	42.66
2.23	-68.21	-20.68
28	-75.66	-9.2
27.86	-68.32	-24.31
44.91	-68.64	-30.05
-24.51	-68.72	-24.79
-31.89	-58.93	-7.68
-28.62	-58.23	1.14
-9.41	-24.3	11.46

// Poldrack R A, 1999: Weather Prediction > Baseline, Activations
// Poldrack R A, 1999: Weather Prediction > Baseline, Deactivations
// Poldrack R A, 1999: Learning Related Decreases in Activation
// Poldrack R A, 1999: Learning Related Increases in Activation
// Subjects=8
-2	28	36
50	26	16
40	10	36
-54	24	24
-46	4	40
-44	4	28
-36	60	-8
-36	54	4
-44	-76	-12
32	-74	-12
4	-68	28
-40	-48	32
-50	-36	36
6	2	0
4	-22	20
-10	-50	28
2	-6	40
-10	46	-16
-26	-18	-20
-24	-10	-16
-68	-6	-16
54	-62	20
50	-70	16
-60	-64	20
-52	-68	24
2	60	8
-2	26	0
-18	32	-8
0	52	-12
10	46	-8
-32	54	-4
36	-80	-12
42	46	4
-48	-18	32
-70	20	12
50	-26	36
36	-6	-8
2	-26	24

// Paulesu E, 1997: Semantic Fluency > Rest
// Paulesu E, 1997: Phonemic Fluency > Rest
// Paulesu E, 1997: Phonemic Fluency > Semantic Fluency
// Paulesu E, 1997: Semantic Fluency > Phonemic Fluency
// Subjects=6
-37.73	28.51	11.17
-31.29	23.86	7.03
-11.5	-65.41	15.53
-3.04	-16.46	10.54
-37.73	28.51	11.17
-37.6	9.78	17.5
-29.17	21.33	2.77
-.89	-14.32	10.29
-3	-27.09	11.59
-37.6	9.78	17.5
-11.45	-62.87	19.76

// Stevens A A, 1998: Schizophrenic Patients
// Subjects=12
-55.17	1.88	19.72
-6.29	-2.42	64.35
-50.37	12.42	22.12
-49.05	27.46	5.9
9.97	-5.88	65.01
-39.1	33.22	-18.23
-28.38	4.28	58.02
-59.2	-22.66	13.79
63.81	-17.97	1.5
66.26	-23.18	12.39
-57.51	-13.5	1.29
65.3	-37.59	6.36
-56.72	-39.18	10.46
58.58	-17.73	-11.51
-57.63	-14.29	-14.47
20.49	-50.55	67.18
-14.57	-54.89	65.05
12.14	-35.34	58.09
-10.16	-35.72	62.05
37.07	-17.56	54.63
-30.65	-22.15	57.69
10.18	-2.05	66.25
-6.8	-4.46	66.98
35.66	2.1	59.92
-32.67	4.67	55.24
12.99	61.14	-1.87
-11.41	62	-5.01
6.44	45.93	-25.95
-6.07	46.49	-25.85
34.41	32.7	-20.59
-34.71	27.26	-20.01
64.57	-38.16	8.65
-58.67	-35.95	8.32
63.8	-23.93	12.48
-59.52	-23.19	13.84
61.96	-11.09	-.28
-56.16	-6.91	-1.73
14.49	-55.03	63.39
-8.06	-57.5	62.41
10.34	-34.79	59.96
-11.56	-35.79	61.29
32.51	-21.65	57.15
-31.08	-20.97	57.93

// Stevens A A, 1998: Normal Subjects
// Subjects=12
-52.06	3.52	21.44
-6.1	-2.24	61.21
-50.9	13.88	23.12
-48	27.16	3.24
9.3	-3.43	62.24
-38.88	35.75	-15.88
-39.74	0.13	52.14
-57.27	-23.81	13.87
61.11	-14.49	-.1
64.76	-21.18	12.24
-59.65	-11.71	1.28
60.48	-37.03	5.81
-56.6	-41	10.28
64.25	-17.28	-10.27
-61.97	-15.94	-10.61
17.06	-53.88	64.38
-11.15	-52.94	65.18
13.26	-36.65	63.09
-8.91	-33.84	58.76
42.16	-18.74	48.54
-41.75	-16.87	47.23
11.7	-9.37	66.51
-6.91	-7.02	65.52
33.93	6.16	58.93
-26.28	1.91	65.66
15.88	61.2	-1.24
-11.25	60.08	0.39
9.98	41.51	-25.62
-5.62	41.2	-25.41
35.38	28.41	-21.13
-34.28	30.8	-18.3
63.05	-36.77	6.21
-63.8	-35.75	7.36
63.06	-25.1	12.59
-60.81	-21.61	13.72
59.5	-14.15	-1
-56.86	-13.37	1.61
17.51	-53.32	67.45
-12.83	-52.07	69.7
9.37	-33.62	59.98
-6.54	-35.21	60.18
23.99	-24.19	60.92
-20.42	-26.64	66.21

// Dolan R J, 1996: Delayed Matching, All Faces vs. Control
// Dolan R J, 1996: Delayed Matching, Emotional vs. Non-Emotional
// Subjects=8
-46.7	23.86	-15.12
31.01	30.1	-21.54
-11.64	31.97	23.82
48.59	-46.42	-14.27
-53.09	28.92	-6.54
-11.64	31.97	23.82
48.58	-44.29	-14.48
9.89	-7.9	9.47

// Fink G R, 1997: Global vs. Local
// Fink G R, 1997: Local vs. Global
// Fink G R, 1997: Large vs. Small Stimuli
// Fink G R, 1997: Small vs. Large Stimuli
// Subjects=10
18.63	-77.19	2.73
-22.45	-101.56	-3.12
-.83	-90.43	-.11
18.84	-86.57	17.11
-26.82	-101.99	-7.48
31.57	-101.37	-4.06

// Smith C D, 1999: Object Naming vs. Baseline, Low-Risk AD > High-Risk AD
// Smith C D, 1999: Letter Fluency vs. Baseline, Low-Risk AD > High-Risk AD
// Subjects=12
27.98	-65.97	-7.78
-27.59	-65.25	-7.2
-45.82	-63.76	-13.81
-9.06	-41.57	49.71
7	-47.73	51.15
19.34	-57.02	-15.12
-20.16	-61.23	-10.97
-41.43	-67.99	-.12

// Buchel C, 1999: Unpaired Neutral Tone vs. Neutral Tone
// Buchel C, 1999: Time x Condition Interaction
// Subjects=11
0	27	18
24	6	-6
-18	9	-6
9	-12	3
-12	-15	6
48	12	-6
-54	12	-9
39	42	24
-39	42	27
66	-24	18
-57	-24	24
24	-3	-24
-21	-6	-24
33	-15	-24
-24	-15	-24

// LaBar K S, 1998: Early Acquisition
// LaBar K S, 1998: Late Acquisition
// LaBar K S, 1998: Early Extinction
// LaBar K S, 1998: Late Extinction
// Subjects=10
-.69	9.41	47.57
57.73	6.08	-.78
-14.02	-4.78	-24.69
26.78	6.32	5.13
-2.64	2.57	69.35
45.13	-.49	25.57
5.69	0.31	39.33
-23.15	0.3	41.9
-6.92	2.46	68.29
-44.91	-3.94	-11.03
-18.07	-2.41	6.38
4.63	0.38	40.45
-27.27	1.82	61.89
-17.16	-4.11	-15.79
51.65	0.67	39.89
-11.23	2.09	63.91
-19.03	-1.3	20.79
52.3	-3.61	-15.52
23	2.63	67.94

// Jancke L, 1998: Normals, Group 1
// Subjects=9
56	-20	4
-56	-44	12
56	-16	4
-56	-22	12
28	56	-4
36	20	-4
-44	12	16
24	40	4
-56	12	-4
-56	-20	4
-56	-20	12
56	-36	4
56	-24	12
36	20	-8
40	41	6
36	32	12
-36	56	4
-4	-60	-8
56	-20	-4
-56	-20	4
60	-36	8
56	-24	12
-56	-20	12
36	20	-8
-4	-60	-4
-36	60	4
36	32	12

// Jancke L, 1998: Normals, Group 2
// Subjects=5
-52	-28	16
-56	-24	12
64	-12	4
56	28	16
-44	-20	4
64	-24	8
60	-20	12
-56	-20	12
-40	24	0
56	32	16
-44	-20	6
56	-24	8
52	-16	12
-56	-20	12
-40	24	2
56	32	12

// Francis S T, 1999: Subjects, Experiment 1
// Subjects=4
-19.5	32.28	-26.62
-7.71	21.69	-26.99
-8.79	22.66	-28.17
20.04	24.86	-29.8
13.67	21.91	-26.14
38.26	22.14	-25.32
45.75	30.02	-20.49

// Francis S T, 1999: Subjects, Experiment 2
// Subjects=6
7.32	19.21	-19.15
-8.77	25.12	-23.92
49.19	4.97	-.59
-45.97	1.69	-7.03
46.84	5.02	-27.33
20.18	-8.89	-25.86
-3.32	21.78	-12.55
0.12	25.34	19.46

// Francis S T, 1999: Subjects, Experiment 3
// Subjects=4
23.29	30.77	-22.53
19.11	-8.9	-25.85
45.99	1.78	-.28
-46.94	-5.04	2.47
3.44	17.75	31.21
7.46	-3.45	-9.44
43.59	-3.17	-36.64

// Henson R N A, 1999: Remember > New Responses, (Retrieval + Encoding)
// Henson R N A, 1999: New > Remember Responses, (Retrieval + Encoding)
// Henson R N A, 1999: Know > New Responses, (Retrieval + Encoding)
// Henson R N A, 1999: New > Know Responses, (Retrieval + Encoding)
// Henson R N A, 1999: Remember > Know Responses, Retrieval
// Henson R N A, 1999: Know > Remember Responses, Retrieval
// Henson R N A, 1999: Remember > Know Responses, Encoding
// Henson R N A, 1999: Know > Remember Responses, Encoding
// Subjects=12
-48	39	-12
-54	24	33
-60	27	21
-12	63	18
-6	39	27
-33	-60	45
-51	-45	39
-12	-36	3
-6	-24	27
-6	-42	36
-6	-75	42
0	-66	33
30	39	48
18	6	54
-51	-6	3
39	-3	-6
-30	3	-24
33	3	-24
-12	-45	57
-51	-21	30
21	-45	51
42	-30	45
-33	-75	12
51	-60	9
-51	15	-6
51	21	-6
-60	24	15
42	21	33
51	39	21
-9	42	24
-24	-63	42
18	54	42
-36	-6	-3
45	-12	-12
-24	-3	-24
24	-9	-18
12	-51	33
63	-15	-18
54	-21	-12
-60	-33	15
66	-21	15
-51	-51	-9
57	-63	15
-21	54	39
0	-30	36
-57	-51	39
-42	-72	39
51	30	27
-12	39	27
9	39	30
-12	9	36
-39	-42	12
-12	-60	57
-45	24	-6
-57	18	27
12	-12	-9
-27	-60	60
18	-15	-24
3	-69	33
18	-54	48

// Evans K C, 1999: Active Inspiration vs. Passive Inspiration
// Subjects=5
-6	-30	70
-44	-22	18
-38	-32	54
-46	-46	40
-28	14	-2
-38	10	-16
-46	-22	18
56	-32	48
58	-46	38
8	-12	56
16	-2	46
26	14	6
22	36	42
16	36	30

// Buchel C, 1998: CS+ Unpaired vs. CS-
// Subjects=9
-3	15	33
-6	-9	-6
-33	27	-12
-39	3	54
-24	3	-24
6	30	42
9	-21	-12
51	24	-9
15	-66	36
48	12	39
6	6	54
27	-3	-24

// Kalin N H, 1997: Subgroup of MDD Patients, Patient 1 and Patient 2
// Subjects=20
-31.21	-80.63	-8.4

// Kalin N H, 1997: Subgroup of Healthy Controls, Patient 1 and Patient 2 
// Controls
// Subjects=20
-40.85	-73.45	0.02

// Elliott R, 1999: Guessing vs. Reporting (Suit + Color)
// Elliott R, 1999: Activations Associated with Increasing Task Difficulty - 
// Suit vs. Color
// Elliott R, 1999: Modulation of Guessing by Task Difficulty - Suit vs. Color
// Elliott R, 1999: Activations Associated with Difficulty in Context of 
// Prediction - Suit vs. Color
// Subjects=5
33	42	24
-36	36	24
6	33	24
-3	33	54
36	24	-12
-39	24	-12
15	27	-12
60	-45	36
-45	-51	45
15	-72	51
9	-15	9
-39	-54	-48
24	-33	-21
-30	-33	-15
-57	-3	-12
42	-30	8
-12	-45	30
-45	-75	24
-57	-15	-15
-33	42	12
3	39	-12
-30	24	-30
45	21	-36
-30	24	-30
9	42	-12
-33	45	12

// McAllister T W, 1999: Mild Traumatic Brain Injury Patients
// Subjects=12
-30	12	54
32	10	54
-30	58	4
40	50	14
30	-70	54
52	-48	48
-16	-76	56
-40	-56	48
-40	-56	48
-40	16	34
32	-70	52
-30	58	6
46	24	32
38	48	14
58	-50	48
-16	-2	-6
26	8	60
-34	46	10
30	32	36

// McAllister T W, 1999: Healthy Controls
// Subjects=11
-30	12	54
32	10	54
-30	58	4
40	50	14
30	-70	54
52	-48	48
-16	-76	56
-40	-56	48
-36	-60	40
50	-50	50
-46	8	20
36	16	54
8	14	0
38	52	14
26	18	58

// Lobel E, 1999: Galvanic Vestibular Stimulation > Rest, Activations
// Subjects=6
-49.77	-7.72	50.68
-53.95	-24.32	56.58
60.87	14.22	-5.96
44.23	-7.5	45.12
52.6	21.48	33.67
-67.31	9.56	0.36
-67	-35.59	21.99

// Lobel E, 1998: Galvanic Vestibular Stimulation (GVS) > Rest, Activations
// Lobel E, 1998: Rest > GVS, Deactivations
// Subjects=6
-49.77	-7.72	50.68
-53.95	-24.32	56.58
60.87	14.22	-5.96
44.23	-7.5	45.12
52.6	21.48	33.67
-67.31	9.56	0.36
-67	-35.59	21.99
-3.53	72.36	-19.02

// Bush G, 1999: Healthy Controls
// Subjects=8
-1.91	26.52	34.99
7.79	20.75	42.06
7.82	4.63	40.06
-44.59	10.41	36.83
-31.48	-45.85	51.44
-44.34	-56.21	42.42
-34.91	-71.24	12.34

// Bush G, 1999: Attention Deficit Hyperactivity Disorder (ADHD) Patients
// Subjects=8
46.89	39.51	-7.92
-28.85	23.97	4.29
-44.89	20.44	1.42
-44.79	-1.51	6.61
-35.1	-13.88	10.88
40.66	11.69	4.52
47.22	-9.7	16.28
-5.3	4.82	2.28
27.88	-1.07	5.74
10.82	-10.69	6.74
-18	-20.38	7.89

// Ring H, 1999: Activations In Both Healthy Controls and Autism Group, 
// Embedded Figures Task (EFT) - Fixation
// Ring H, 1999: Autism Group > Healthy Controls, Embedded Figures Task (EFT) 
// - Fixation
// Ring H, 1999: Healthy Controls > Autism Group, Embedded Figures Task (EFT) 
// - Fixation
// Ring H, 1999: Autism Group > Healthy Controls, EFT Activations With Global 
// Mean FPQ As a Covariate
// Ring H, 1999: Healthy Controls > Autism Group, EFT Activations With Global 
// Mean FPQ As a Covariate
// Subjects=6
47.15	-58.8	-13.06
30.05	-46.84	-8.29
-16.98	-43.95	-7.99
-17.96	-67.22	-6.03
20.42	-32.72	-3.79
-24.39	-50.97	-1.74
-8.27	-75.19	0.1
58.69	49.95	2.22
17.45	-67.67	12.56
-46.69	-60.65	12.71
-12.42	-81.59	14.07
47.26	11.59	30.1
-31.81	11.11	31.05
48.35	6.31	30.53
-35	6.86	31.45
41.94	17.27	35.26
-46.74	14.62	36.51
-44.41	-38.23	40.91
-24.11	-21.74	45.99
27.32	-58.44	48.47
-18.62	-61.89	49.29
43.24	-17.73	50.45
16.65	-39.58	59.28
-14.36	-33.43	59.12
22.81	-86.13	7.35
38.76	-78.08	-.19
41.91	-75.32	-6.04
35.94	-55.42	59.27
-16.41	-70.96	55.6
-26.35	-84.31	7.77
1.42	-80.97	7.17
1.42	-80.97	7.17
53.58	9.54	16.82
44.02	18.88	28.41
-29.39	-67.21	36.48
50.72	-33.01	44.96
29.09	-63.34	-1.32
29.03	-58.48	-7.3
14.24	-80.89	7.01
19.64	-83.6	12.75
35.58	-71.25	5.96
32.46	-83.53	12.6
56.97	11.44	41.16
56.89	7.33	29.24
32.69	-53.75	53.59
35.94	-55.42	59.27
-11.06	-70.93	55.54

// Baron-Cohen S, 1999: Autism Patients
// Subjects=6
-57.46	-27.51	15.63
44.06	-26.9	14.41
-48.09	24.91	4.43
43.72	12.46	-13.42
-23.51	-11.21	-10.66
16.61	-54.36	47.14
19.44	-54.94	-1.91
4.38	-16.45	1.72
4.43	-16.02	7.26
22.72	-75.01	-.27
29.24	-89.26	7.54
-47.88	-55.34	-1.11
-44.77	-32.06	-3.1
-39.11	11.81	54.5
-51.4	51.32	2.26
-23.16	7.79	42.38
-8.26	10.62	36.4
-44.62	18.87	36.13
-41.35	-74.88	7.15
-39.36	-33.63	3.67
-23.11	-19.07	39.06
-50.62	-40.62	65.72
-44.35	-17.83	57.04
44.33	0.13	61.21
-44.82	8.01	5.81
39.09	-40.59	57.99
-13.21	-43.57	65.53
7.46	4.21	-6.74
-48.01	-22.56	-3.85
47.04	44.4	13.97
-50.67	-54.25	54.59
60.08	-38.95	8.55
-54.17	-50.75	17.54
59.75	12.55	-13.61

// Baron-Cohen S, 1999: Healthy Controls
// Subjects=12
-57.46	-27.51	15.63
44.06	-26.9	14.41
-48.09	24.91	4.43
43.72	12.46	-13.42
-23.51	-11.21	-10.66
-26.72	-11.23	-10.63
22.42	-7.76	-11.48
-26.18	-68.25	36.53
25.77	-59.01	-13.91
-13.68	-82.51	-11.49
7.82	7.98	42.01
-2.29	39.04	-9.55
-1.65	-42.21	40.75
1.46	-31.07	33.09
1.03	48.98	8.54
32.24	-60.58	-7.16
-39.41	-46.2	-7.55
-51.16	14.2	17.63
63.15	11.28	10.99
-47.88	18.33	29.52
53.6	18.51	22.76
-44.94	27.67	-1.41
56.74	23.31	15.63
-32.55	-54.65	47.73
53.63	-54.73	-2.32
35.37	-16.26	1.35
-36.18	-16.26	7.75
14.17	-75.06	-.17
-1.75	-89.45	7.91
22.64	-54.92	-1.95
-13.78	-31.87	-3.47
7.9	12.09	53.93
0.97	51.64	1.63
-44.54	7.66	42.64
41.97	10.93	35.8
-47.83	18.85	36.16
35.59	-74.42	6.23
47.19	-33.11	2.63
-47.68	-19.22	39.35
-22.84	-40.45	65.38
39	-17.33	56.04
-22.99	-.27	62.02
56.7	8.62	4.6
-1.52	-40.84	58.48
1.75	-43.48	65.36
-17.12	4.06	-6.44
32.14	-22.08	-4.82
-29.9	43.93	14.9
-32.5	-54.14	54.38
-57.47	-39.65	9.95
56.97	-50.08	16.21
50.13	12.49	-13.5
44.22	-58.19	22.61
-50.94	-57.08	18.03
-36.1	-24.21	15.1
-47.69	-43.42	29.12
-13.71	-9.27	13.6
1.23	-31.27	3

// Howard R J, 1996: Areas of activation for coherent motion
// Howard R J, 1996: Areas of activation for optical flow
// Howard R J, 1996: Areas of activation for biological motion
// Subjects=6
-42.52	-29.79	12.3
62.13	-18.93	5.73
-55.33	-20.98	17.29
47.2	-17.62	10.25
-48.91	-24.11	17.47

// Pinel P, 1999: Number Comparison vs. Rest
// Pinel P, 1999: Right Hand vs. Left Hand
// Pinel P, 1999: Arabic Number > Verbal Number
// Pinel P, 1999: Close Distance > Far Distance
// Pinel P, 1999: Far Distance > Close Distance
// Subjects=11
10.99	-3.33	12.36
1.69	22.71	50.29
-11.68	-6.6	13.07
56.81	16.52	49.96
40.99	-39.72	69.24
-27.63	-83.55	17.6
-30.73	-75.93	30.34
1.38	-74.81	6.15
34.19	-68.39	38.58
47.23	11.04	60.75
-40.06	-10.67	74.47
53.11	-65.68	-2.35
-4.48	-70.16	56.22
-46.68	1.45	66.66
-49.83	-20.9	68.93
-43.25	-36.52	73.72
-33.64	-50.49	61.49
-53.66	-68	13.14
-56.67	15.81	48.6
39.88	37.32	-2.23
34.35	11.62	67.64
59.28	27.19	-8.29
15.01	-69.78	59.21
-33.66	8.5	72.47
14.42	-61.06	14.66
-20.65	-69.9	59.83
36.98	59.56	29.23
49.69	-50.67	-13.87
2.08	-46.55	67.22
44.11	-7.8	66.03
27.12	-59.7	-5.86
-40.74	53.22	34.54
40.33	-80.74	9.44
1.55	-20.95	31.08
33.53	-53.6	-9.94
-63.82	20.69	-2.18
66.36	-27.42	27.25
43.12	-41.43	-18.03
66.08	23.01	15.54
-41.18	33.53	-3.84
50.5	-18.29	56.87
-26.91	-38.72	83.75
1.89	-18.46	57.72
-73.11	-12.27	24.77
72.67	-5.68	18.27
-24.76	-53.5	-5.59
-63.2	-27.25	36.17
44.11	-7.8	66.03
11.58	1.03	58.99
46.78	-5.46	22.05
-40.11	-10.98	71.14
-7.86	-2.23	59.64
-47.2	-8.98	24
59.5	-53.2	-7.06
-49.18	-66.74	26.39
53.59	-32.6	41.43

// Belger A, 1998: Shape Task > Fixation
// Belger A, 1998: Location Task > Fixation
// Subjects=18
23.61	57.17	29.9
33.31	40.48	33.42
-34.12	37.91	19.91
45.92	38.42	5.57
-37.43	34.57	4.61
35.36	-55.95	-16.51
-37.33	-57.7	-18.87
47.16	-56.51	-11.02
-44.78	-57.49	-15.46
-56.45	-59.96	-5.08
-59.45	-31.52	32.71
31.54	-50.13	45.5
-35.82	-54.22	39.92
6.3	49.38	-.48
-1.14	51.97	6.08
-22.43	36.24	10.99
50.2	37.39	5.6
-24.83	44.48	-19.78
7.99	-51.84	39.22
-4.2	-57.51	-19.27
3.65	-39.35	35.99
6.81	-37.64	30.24
51.67	-47.49	22.74
-59.69	-41.66	-2.12
48.59	-56	36.87
-53.03	-62.12	21.82
31.58	-49.7	51.04
-29.31	-60.89	49.33

// Chee M W L, 1999: Syllable > Fixation
// Chee M W L, 1999: Case > Fixation
// Chee M W L, 1999: Auditory Abstract/Concrete > Fixation
// Chee M W L, 1999: Visual Abstract/Concrete > Fixation
// Chee M W L, 1999: Abstract/Concrete > Syllable
// Chee M W L, 1999: Abstarct/Concrete > Case
// Subjects=8
37.46	21.7	10.41
-44.65	6.46	27.13
54.78	0.97	29.79
-47.92	-.76	16.62
37.96	-22.62	56.5
8.04	-3	65.23
-17.59	-9.5	66.07
4.57	17.3	39.04
64.27	-16.72	6.63
67.56	-32.3	11.25
-47.9	-20.3	11.57
64.27	-29.92	1.05
-61.74	-46.28	7.21
67.47	-49.7	-7.37
41.28	-27.92	70.29
-51.83	-33.28	50.62
44.52	-44.02	68.25
50.83	-58.3	48.19
-25.65	-51.89	-27.3
-41.56	-54.04	-12.44
-2.01	-56.98	-12.65
17.18	8.64	8.39
-18.12	11.34	5.23
50.22	17.84	0.55
-31.92	8.86	15.63
50.44	30.01	34.1
-44.67	6.29	24.91
58.04	4.93	39.46
-58.59	2.61	19.81
-44.82	1.41	3.02
47.57	-15.96	59.18
4.77	-.36	58.36
11.03	17.86	45.61
64.44	-41.32	18.73
-55.19	-48.13	24.02
54.65	-29.98	1.16
-41.12	-29.7	54.66
44.43	-54.91	51.33
58.29	-38.62	54.26
-37.98	-36.88	44.07
-47.52	-49.37	48.57
-34.73	-52.98	42.04
31.68	-74.02	53.08
47.7	-64.06	56.52
23.72	-85.63	-13.89
43.93	-69.91	-18.78
-25.43	-89.1	-13.03
10.71	-67.79	-29.73
-18.16	-45.16	-23.49
-21.3	-57.61	-19.07
-2.05	-67.27	-21.82
43.68	52.69	-2.3
27.62	62.11	-2.9
-29.07	61.26	-8.87
47.05	44.48	15.08
37.51	51.88	29.07
27.94	9.47	18.24
-32.02	-5.37	-3.25
40.59	20.95	0.4
-32.02	21.03	7.92
-47.98	31.57	21.72
-44.65	6.46	27.13
-41.26	-1.49	47.83
41.2	-18.92	62.84
11.12	8.94	54.16
4.81	-3.28	61.95
-20.79	-2.91	68.9
37.97	7.21	70.73
64.27	-16.72	6.63
67.56	-32.3	11.25
-61.77	-16.96	14.79
-38.32	-56.94	-8.89
41.28	-27.92	70.29
-47.47	-39	58.85
-44.22	-51.67	59.88
4.37	-57.2	-16.05
37.34	-52.03	-34.7
10.75	-70.7	-26.14
-25.61	-54.72	-22.6
0.93	-30.04	-36.13
-5.16	2.93	19.17
43.65	55.61	-5.89
27.6	58.69	-5.96
-32.25	54.9	-8.3
43.97	32.63	27.26
-28.77	21.56	14.53
57.77	35.03	15.75
54.47	17.61	-2.82
-47.86	13.05	29.96
-47.98	15.1	15.29
-41.7	36.83	6.7
-44.65	6.46	27.13
-41.18	-.64	58.91
37.96	-22.62	56.5
8.01	9.95	67.49
7.92	8.92	54.2
-1.7	28.67	62.69
-.49	-2.79	68.66
-44.34	-43.01	48
-38.01	-40.57	37.69
43.89	-63.82	-22.64
23.72	-85.63	-13.89
-35.12	-63.52	-11.72
-25.43	-89.1	-13.03
10.74	-74.13	-29.2
1.02	-55.42	-34
-18.2	-45.5	-27.92
-18	-82.97	-16.98
-21.3	-57.61	-19.07
20.46	9.43	18.33
34.02	58.72	-6.04
57.6	46.43	-1.93
-45.04	45.3	-7.35
-41.68	40.26	9.76
37.31	20.16	-9.53
-28.79	21.31	11.2
-38.54	16.54	-8.36
54.32	39.04	-14.66
-48.2	32.6	-6.25
-47.87	22.82	32.49
-47.94	12.19	18.88
-41.26	-1.49	47.83
-4.83	16.21	67.12
-5.07	30.19	41.41
-28.45	11.62	51.04
-14.68	7.16	33.42
-58.62	-37.26	-.27
-62.07	-6.84	-19.51
-38.32	-56.94	-8.89
30.92	-62.09	-40.48
16.99	-32.86	-32.73
17.1	-74.61	-35.92
-35.25	-48.43	-23.02
-25.66	-65.09	-32.89
-18.29	-33.32	-35.63
34.03	55.55	-5.77
-35.42	51.96	-4.67
-32.01	24.46	10.98
-44.93	36.56	3.42
-41.47	19.43	29.35
-38.57	29.48	-6.1
-25.77	35.9	-6.78
44.31	-.12	57.88
-1.65	15.98	63.75
13.85	-68.54	-39.74

// D'Esposito M, 1997: Concrete > Abstract
// D'Esposito M, 1997: Abstract > Concrete
// Subjects=7
-34.67	-51.59	-19.06
-47.14	1.32	30.82
-5.93	2.6	42.32
21.69	57.2	16.28
6.15	-73.6	41.81

// Toni I, 1998: Activation > Baseline
// Subjects=3
42	32	24
40	56	22
-2	18	44
-4	0	54
-6	2	70
-22	-6	72
-40	-18	64
-38	-26	36
-34	-32	68
-40	-30	52
-50	-36	56
44	-44	56
-30	-56	64
10	-64	50
-14	18	-2
-28	6	-2
28	8	0
-26	-2	4
-12	-14	6
6	-56	-12
26	-48	-22
26	-44	-30
-30	-56	-32

// Clark V P, 1997: Color Attention > Monochrome Scrambled Faces
// Subjects=6
21.6	-72.25	-5.73

// Jancke L, 1999: Right Hand, 1 Hz vs. Rest
// Jancke L, 1999: Right Hand, 3 Hz vs. Rest
// Jancke L, 1999: Left Hand, 1 Hz vs. Rest
// Jancke L, 1999: Left Hand, 3 Hz vs. Rest
// Jancke L, 1999: Both Hands, 1 Hz vs. Rest
// Jancke L, 1999: Both Hands, 3 Hz vs. Rest
// Jancke L, 1999: Right Hand, 3 Hz > Right Hand, 1 Hz
// Jancke L, 1999: Left Hand, 3 Hz > Left Hand, 1 Hz
// Jancke L, 1999: Both Hands, 3 Hz > Both Hands, 1 Hz
// Jancke L, 1999: Rate Effects, Left Hand > Right Hand
// Jancke L, 1999: Rate Effects, Both Hands > Right Hand
// Jancke L, 1999: Rate Effects, Left Hand > Right Hand, Flipped Data Set For 
// Contrast
// Jancke L, 1999: Rate Effects, Both Hands > Right Hand, Flipped Data Set For 
// Contrast
// Jancke L, 1999: Both Hands > Right Hand, Across Frequencies
// Jancke L, 1999: Both Hands > Left Hand, Across Frequencies
// Jancke L, 1999: Right Hand > Left Hand, Across Frequencies
// Jancke L, 1999: Left Hand > Right Hand, Across Frequencies
// Subjects=6
16	-56	-24
-40	-56	-28
16	-56	-24
-32	-64	-24
-24	-52	-24
24	-56	-28
-24	-52	-24
24	-56	-28
16	-56	-24
-24	-52	-24
16	-52	-24
-24	-52	-24
20	-52	-24
32	-48	-36
-28	-48	-24
20	-52	-24
16	-52	-24
-32	-64	-20
24	-72	-20
-24	-72	-20
-12	-72	-20
40	-60	-24
28	-76	-20
-32	-60	-16
-32	-52	-20
12	-72	-20
-12	-72	-20
40	-60	-24
28	-76	-20
-24	-52	-24
12	-56	-20
16	-52	-24
-24	-52	-24

// Mattay V S, 1998: Non-Dominant Hand Simple Motor
// Mattay V S, 1998: Dominant Hand Simple Motor
// Mattay V S, 1998: Dominant Hand Random Motor
// Subjects=8
-41.34	-7.77	59.64
-52.29	-15.43	47.14
-39.13	-5.22	63.83
3.83	14.96	47.66
-.38	2.6	53.43
-43.32	-39.27	67.27
-41.44	-26.03	48
13.83	-72.02	-33.55
55.69	-15.47	40.82
-54.57	-14.15	38.08
40.59	-21.9	41.71
40.7	24.84	59.5
-52.48	5.01	36.15
3.93	4.74	53.15
-4.78	6.42	48.65
44.81	-38.02	29.79
51.57	-38.05	52.09
24.78	-7.38	-8.76
-20.55	-2.87	-3.95
-1.24	-71.65	-28.85
36.56	-8.79	67.38
-36.82	-15.02	73.73
45.19	-19.81	63.84
34.34	23.52	68.7
-34.71	-2.25	72.43
3.96	11.54	56.96
-.34	5.14	57.66
36.7	-29.65	73.92
47.11	-45.69	39.47
-41.28	-22.66	61.11
55.52	13.9	33.43
-54.61	11.8	40
22.59	1.12	-9.56
-22.85	2.67	-13.43
9.52	-74.16	-33.27

